933.218
939.3914
850.0553
876.8399
904.4363
878.4011
893.2448
893.7836
891.1937
873.6185
967.6875
892.0431
875.0562
891.588
842.6017
872.0397
917.8385
900.4071
924.4578
927.0023
906.3066
897.19
920.7289
878.4011
933.8089
831.2362
929.573
837.2661
841.1986
881.1288
867.5456
957.6841
921.2576
954.1895
893.7836
895.931
861.9266
877.0562
841.7859
918.518
847.5891
973.7839
856.9312
878.4011
936.8077
897.8318
839.9497
858.3453
924.4578
817.4097
913.8074
843.5142
847.5891
892.5703
927.0023
868.826
823.0501
878.5242
960.6966
907.3866
907.2003
960.3334
874.2608
886.9865
853.0026
903.7109
876.9782
925.6006
900.4903
929.573
889.7426
888.8016
846.2124
889.5078
941.408
885.9912
875.3673
922.7071
847.5891
892.5703
871.3441
874.9352
914.0124
873.4648
920.3201
907.3866
922.0777
886.7064
843.5066
873.5185
959.8081
864.0773
887.0749
909.1176
906.5282
848.3338
907.7854
934.4208
899.3049
906.3066
967.6875
829.7286
865.3606
917.447
873.9008
954.1895
937.1607
913.1113
864.8404
880.6042
906.8877
947.8106
901.1991
859.1536
870.2345
865.0389
963.3061
889.5078
935.6208
880.8442
896.1347
886.9819
833.1219
896.5381
855.4786
918.4326
919.8784
857.796
865.3606
891.9989
956.3211
896.2642
860.3565
874.6045
855.4843
902.7437
886.7064
888.787
846.9904
900.9138
892.9012
924.3972
925.3397
932.9753
914.6768
837.9653
947.7667
908.8155
884.2087
891.9097
907.3676
941.7495
912.6357
901.75
924.4578
866.9177
890.8693
870.2345
924.5032
881.2675
904.9075
870.2345
874.6045
876.3554
932.9753
963.661
900.9251
886.7064
882.5818
843.6154
946.307
942.5209
917.447
907.573
909.8226
878.4011
913.8074
882.6468
907.7854
863.6175
931.4033
914.0124
903.8122
846.2124
891.1937
876.3548
882.5818
896.1683
894.5751
907.3866
871.1319
919.8952
918.518
888.787
934.4208
886.8919
853.0026
902.2633
895.05
829.9939
907.7854
903.2494
859.4073
876.5332
960.3334
873.5185
912.3557
912.0074
859.1536
835.3191
903.8122
945.2649
897.19
889.7426
878.2776
898.3441
922.0777
875.5247
886.1487
912.4934
875.2281
845.3945
873.6185
918.2342
912.0074
885.6347
878.0696
890.6411
868.5083
966.7737
886.1487
920.3201
921.3639
903.9929
895.931
873.4648
962.946
913.8074
893.217
892.9514
886.1487
902.1805
886.7616
907.7854
946.307
878.005
848.3338
886.9819
956.3211
893.217
932.8332
889.2745
931.4033
835.8353
876.3548
878.3281
823.6441
941.408
850.6427
943.662
899.3049
841.5342
847.1799
881.3523
971.4323
863.4158
822.5586
906.5282
950.9945
839.5381
896.5381
909.1176
898.6345
823.1117
892.1238
885.6347
870.4719
880.8442
900.4071
924.5032
897.8916
896.1683
837.1246
915.0769
832.3327
880.3455
897.8318
924.5032
879.4403
944.2195
870.0193
888.2758
888.8016
948.7702
945.6936
892.9514
972.7813
823.6441
915.5177
918.4326
898.6345
835.4506
885.9912
943.4063
894.0029
868.826
888.2758
913.8074
871.8271
929.0459
868.826
927.0023
860.9681
888.834
883.4966
953.7502
912.0074
916.6216
866.2764
885.9912
898.3441
946.7423
846.9904
828.8096
891.1937
870.6637
870.2345
843.6154
881.3523
903.8122
883.8705
831.2253
908.6241
907.573
817.4097
922.0777
869.047
870.4719
880.2439
841.7859
904.9075
845.3945
916.7936
878.5242
831.0961
917.6247
848.9008
848.3338
956.3211
929.573
929.3305
841.8765
862.5519
903.9929
914.3326
950.92
876.5332
964.2862
897.8916
953.3135
917.8385
827.3999
900.9251
873.9008
910.28
872.0785
831.0961
895.8181
828.6358
828.3376
899.844
873.9008
876.3548
903.9929
906.8877
880.8442
897.19
850.4476
867.3787
924.5032
956.2197
916.4134
909.1176
873.6419
894.0029
850.0553
915.4297
913.3274
921.06
867.3287
849.5441
889.7426
951.8309
850.7262
909.1176
867.3787
818.0694
888.8016
828.6358
924.1176
967.0551
880.346
884.1289
930.4241
879.4403
850.382
870.2345
945.2649
951.9985
880.346
890.4351
886.7064
920.3201
893.217
912.6357
952.1404
946.7423
908.9659
878.3281
893.7836
967.6875
941.408
839.5879
913.8074
927.0023
902.7437
873.2867
900.2995
907.7233
912.6357
879.9033
921.0877
859.1536
891.1937
907.7854
902.7437
969.0169
903.7109
856.9312
896.1683
819.4816
930.8045
918.9033
886.9865
909.1176
850.382
908.9659
912.3557
957.6841
900.4071
910.5227
893.217
894.5751
878.3281
892.9514
835.4506
867.3787
817.3291
885.5207
919.8952
950.92
913.8074
910.5227
911.895
942.3333
901.694
850.4476
883.8396
872.9348
901.9105
879.4403
919.8952
960.6966
834.3823
885.6347
908.9659
875.3888
866.282
820.816
878.2776
878.4011
912.4934
867.6051
898.3441
963.4709
912.0074
913.4023
910.5227
893.217
918.518
912.4593
858.1172
879.9033
926.8147
900.0577
874.9352
924.3972
923.6429
840.3725
838.0384
866.9177
836.3273
833.8312
873.6185
906.5282
946.2246
935.1829
957.9488
912.4934
880.6074
904.4363
941.408
847.4384
920.7912
883.8396
916.6216
917.8779
872.0397
932.6294
841.7859
888.834
876.9782
952.8983
859.1536
903.2494
886.7064
881.2675
886.8919
921.3639
842.7024
929.573
858.3939
864.391
918.2342
941.2725
894.0029
864.391
922.7071
908.6241
941.0767
878.5242
868.7709
950.7591
962.946
941.2725
870.1727
939.69
841.8765
841.1986
892.9514
896.2642
937.1607
880.6042
850.6427
931.4033
835.8353
827.2754
935.1829
827.3999
925.0534
936.4703
943.1236
927.0023
912.0074
916.4765
860.3565
841.7859
910.5227
864.8404
899.2424
904.6698
900.2995
872.9348
878.5242
930.8045
868.7807
859.4073
957.0623
938.4198
885.6347
907.7854
835.1732
929.4262
900.4903
919.8784
895.8181
847.1799
918.4326
929.4262
858.1172
936.7456
907.3866
921.3639
878.719
906.0423
841.8765
914.5753
921.3639
936.7456
917.447
956.2197
921.0877
941.2725
918.4326
856.9312
897.8318
900.1728
933.8746
893.2448
859.2549
822.5638
921.0877
856.9312
864.8404
903.2494
847.5891
926.5955
918.7973
872.2764
907.7854
892.2324
912.4934
841.3393
862.7819
927.8175
917.6247
901.8791
893.7836
825.0008
847.5891
880.6042
878.3281
898.3285
879.9033
904.7583
898.3441
911.9404
892.9514
847.5424
909.42
886.9819
893.217
969.0169
928.7516
917.2278
869.2809
829.7286
918.4326
874.9352
912.0074
963.3061
896.5381
843.5066
941.408
872.2519
886.8919
941.7495
941.2725
861.3639
907.3866
896.5381
884.1289
903.9929
883.8396
886.7064
885.5207
890.4351
860.3565
923.6429
960.6966
883.8396
907.7854
907.573
895.05
870.9304
870.2345
935.1829
890.6411
896.1683
927.7917
908.9659
922.4104
888.8016
896.2642
899.844
832.8004
893.7836
869.047
890.4351
875.5247
886.9819
840.9443
868.7709
892.1238
826.1956
849.8459
883.4563
842.7161
893.217
922.0777
867.7415
892.0296
843.6154
868.5083
915.0769
828.7146
876.3548
917.447
906.3066
884.2087
875.0562
918.2342
898.3285
904.7583
930.8789
872.0785
858.117
827.5573
912.0074
873.4648
862.8051
920.762
877.0094
891.1937
832.0753
825.0228
935.6483
904.7583
874.9352
937.1607
888.8016
927.0023
918.2342
921.06
861.9266
832.4738
933.8746
941.0767
847.1744
927.0046
875.2802
872.0785
923.6429
888.8939
890.6411
912.3557
904.4363
912.4934
889.9257
891.1937
887.979
971.9451
917.6247
923.5808
922.0777
872.2764
827.5573
879.3751
873.0321
888.2758
848.5181
937.1607
868.0888
839.7272
843.5142
937.1607
923.6429
901.8791
870.6637
878.5111
894.814
923.6429
815.2658
847.6235
922.9764
919.8952
909.1176
906.0423
909.32
904.7583
889.5078
875.2386
822.5638
919.8952
929.573
932.8245
886.8919
909.1176
906.3066
929.573
956.3211
906.8877
894.5751
870.0857
872.0397
906.8877
855.7912
918.4326
939.3914
928.408
927.0046
950.9945
877.0562
929.573
870.4719
948.8475
822.5638
872.9348
878.5111
888.2758
918.7973
916.6216
878.5242
920.762
841.9787
904.7583
938.88
861.3639
899.3049
880.6042
952.796
875.5247
928.7516
883.4966
908.7845
944.2195
876.3554
901.75
909.1176
864.0773
864.8404
909.9821
840.0543
879.3348
889.9257
931.1298
871.1319
900.4071
840.0543
852.195
917.447
904.9075
894.0029
870.4719
881.3523
918.9033
892.9514
833.888
960.3334
939.3914
885.2994
891.1937
882.5818
913.1113
883.4793
844.7585
927.0046
875.3888
918.4326
942.3333
873.6185
941.408
934.4208
896.2642
924.1176
933.7313
853.8268
892.1238
931.7723
918.7973
919.8784
952.4892
860.1398
837.8305
881.2675
904.6698
903.8122
879.3348
864.1073
914.6768
907.7854
873.6185
901.3484
950.7591
875.129
876.3554
920.3201
933.2455
868.7807
908.7845
835.1732
864.476
860.3565
870.1727
897.19
873.6185
906.3066
882.5818
910.5227
919.1663
894.9489
911.4434
964.2862
870.6637
888.834
953.7627
892.1238
886.7064
887.0749
888.8016
875.5247
857.2025
904.2647
908.3195
824.8888
952.796
884.2087
878.5242
886.9819
911.4434
888.8016
884.1289
895.931
897.8318
914.2158
846.0714
957.6841
879.3348
934.4208
900.9251
943.1236
953.7627
898.3441
915.0769
899.8024
929.1014
887.0749
908.7845
894.9489
879.9033
827.0546
898.6345
909.42
960.6966
904.7583
876.9253
866.282
875.2386
878.5242
897.19
961.1352
912.4593
840.3725
888.8939
896.1683
875.2802
842.7161
901.75
885.9912
893.7836
890.8693
909.1176
930.8151
891.9989
905.1106
885.6347
903.2494
916.4134
880.8442
891.9989
922.0777
892.9012
933.218
861.3639
867.3787
832.8004
879.3348
904.9075
893.7836
941.8549
894.0029
937.8857
918.2342
914.6768
885.5207
846.8556
897.19
844.7585
909.1176
901.75
902.1805
828.3376
892.0296
914.0124
904.4363
899.8024
882.5818
903.7109
912.6357
896.1347
820.6588
907.2003
899.6835
863.3818
894.814
892.0431
904.4363
897.8318
927.0023
918.9033
937.1607
846.4742
899.9381
828.3376
914.6768
967.6875
919.8784
873.9008
872.0397
937.1607
825.0008
883.8124
948.8475
861.5095
899.8024
841.1986
886.7064
884.2087
873.5556
937.1607
878.3281
883.8396
907.4114
907.7854
908.7845
918.4326
933.218
900.1728
904.7583
918.8661
891.1937
899.3049
941.7495
907.3866
917.6247
908.9659
894.5751
899.2903
839.5381
928.408
882.6468
924.5032
916.603
865.0389
928.7516
882.1561
879.2465
907.3866
864.391
874.9352
866.2764
920.762
916.4887
893.7836
903.7109
920.3201
864.8404
924.4578
952.8983
912.4934
888.787
838.0384
897.19
815.2658
943.1236
935.6483
909.1176
845.3945
892.0431
927.0023
963.661
885.9912
833.5019
943.662
842.6017
963.661
929.0459
921.2576
835.0399
871.3441
943.1236
876.3548
954.1895
903.8122
885.2994
896.5381
890.4351
921.06
898.6345
853.8268
911.895
878.5242
907.3676
894.0029
843.5066
847.6235
857.4518
933.7313
886.8919
918.4326
917.6247
906.3066
912.4934
912.6357
820.816
919.0148
886.0154
958.4073
909.9821
923.6429
892.0296
924.4578
855.0432
912.4593
867.3287
917.7263
881.5429
888.8104
874.6045
875.4221
839.7272
898.6345
884.1289
872.9348
873.6185
885.5207
891.1937
884.1289
882.4186
888.8016
897.8318
901.4373
847.5891
954.9575
935.1829
958.4073
876.3554
859.2549
873.0321
868.7709
893.7836
912.0074
969.0169
856.7432
970.1226
833.888
880.6042
926.0138
871.349
906.3066
881.2675
841.4759
911.9404
903.8122
900.9251
921.06
915.4297
951.8309
949.8995
888.787
883.8124
880.6042
893.7836
917.6247
867.6051
835.4506
844.3944
874.9352
835.3191
906.8877
914.0124
892.9012
867.0298
843.6154
873.6185
884.8574
922.0777
923.3487
879.5131
903.8122
922.0777
951.8309
879.3751
891.9989
903.8122
866.282
945.4719
838.9717
941.0767
876.3548
961.1352
919.8784
847.6475
868.826
900.1728
921.06
900.4903
892.2324
823.0752
948.8475
883.4563
876.9253
901.75
904.9075
918.4326
927.098
917.2278
931.4033
883.4563
912.0074
866.2764
934.4208
899.6835
917.447
875.0562
882.5818
909.1176
889.5078
940.0115
904.7583
903.8122
910.5227
886.1487
844.7585
925.816
927.0023
865.0389
892.9514
850.4476
951.9985
874.9352
896.1347
891.1937
882.6468
927.0023
840.0543
865.0389
834.0747
925.816
873.6185
912.4593
913.8074
922.0777
913.8074
853.1945
918.518
904.7583
818.0694
927.0046
918.2342
883.8705
892.5703
929.573
924.9046
897.19
886.7064
891.588
922.0777
881.9119
922.9764
892.1238
923.6429
870.2345
900.9138
866.1968
943.662
912.0341
955.7089
866.282
904.2647
909.42
898.3441
949.8995
893.7836
908.9659
882.6468
829.7286
877.0562
880.6042
881.2675
946.917
834.2337
924.5032
929.4262
921.1547
891.1937
921.0877
931.4033
889.7426
916.4887
864.5454
899.3049
879.9615
869.047
918.518
878.5111
908.7845
933.7313
912.4934
912.4593
907.7854
850.0553
873.0321
859.1536
875.5247
897.8916
880.346
921.0877
941.7495
945.4719
868.0888
920.3201
828.3376
965.9429
912.4934
865.0389
886.0154
917.6247
846.8556
894.9489
882.5818
875.2386
883.4563
932.6294
900.9138
883.8705
907.573
926.5955
900.9251
914.5753
900.1728
868.9986
880.6074
835.0399
886.1487
921.3639
963.3061
901.9105
891.1937
925.3397
881.3523
936.102
908.9659
923.5808
927.0023
890.6411
952.4892
901.9105
900.1728
945.6936
885.9912
926.8147
918.4326
971.9451
889.7426
855.9659
903.2494
881.3523
875.0562
870.8306
874.9352
870.8306
883.4563
875.2281
925.6006
895.05
956.7779
897.8916
896.2609
926.0697
932.6294
918.518
844.9532
893.7836
872.2764
910.5227
873.5185
950.6097
912.0074
914.3326
876.3554
848.5181
898.6345
888.8016
835.3191
901.75
875.2008
878.719
885.2994
845.3945
878.3281
885.5207
936.102
897.8318
917.7263
898.6345
940.0115
840.1138
914.5753
885.5207
876.3554
841.8765
871.349
832.4738
848.3338
832.356
892.1238
828.6358
913.9184
878.6736
944.3593
920.762
886.9819
953.7502
915.0123
842.6017
868.6404
917.7263
937.8857
918.4326
922.0777
834.0747
863.6175
867.0298
904.9075
917.2278
835.0399
891.9097
879.4403
888.2758
908.7845
874.6045
875.0562
840.1138
952.8983
888.834
863.6175
872.0785
872.2764
957.0623
868.5083
914.6768
961.7304
915.0123
901.1991
922.0777
952.796
952.8983
889.5078
929.4262
941.408
906.0423
913.8074
913.8074
950.7591
899.8024
871.8271
902.1805
878.3281
886.7064
893.2448
918.9033
850.4476
868.6404
908.7845
847.6475
870.088
874.2608
847.5891
917.6247
875.2802
877.2909
860.2693
958.4073
938.8278
878.4011
879.9615
928.408
873.2867
899.844
902.1805
872.9348
917.1968
897.8318
913.8074
911.895
906.8877
894.0029
913.8074
917.447
903.2494
933.2455
870.2345
899.2424
829.3415
862.9006
918.518
962.946
957.9488
875.0562
878.0696
903.9929
872.0785
917.447
892.2324
882.5818
885.6347
928.408
924.4578
906.5282
898.6345
916.4765
906.0423
903.9929
861.5095
839.5381
929.573
933.8089
914.2158
912.4934
907.3866
906.0423
878.719
873.6185
921.3639
906.0423
868.6404
886.0154
901.3484
956.2197
918.9033
882.5818
850.6836
897.8916
925.0534
819.4816
939.69
923.5808
924.3972
909.1176
918.2342
906.3066
912.3557
888.787
887.0749
902.7437
933.8089
876.9253
878.2776
893.7836
876.3548
899.3049
874.9352
886.9819
883.4966
886.9819
896.5381
893.7836
877.2909
922.0777
965.1295
881.1288
915.0123
864.1073
908.9659
885.6347
900.4903
892.9012
890.4351
846.2124
888.8016
905.1106
883.8396
880.6042
920.3201
909.8226
900.4903
913.4023
904.9075
876.3548
866.282
897.8318
862.5519
929.3305
893.7836
835.4506
903.8122
901.8791
853.3526
848.5762
909.8226
918.9033
910.5227
934.8128
827.5573
936.4703
883.4563
885.9912
958.6898
919.8952
824.8888
900.4071
893.217
967.6875
906.3066
873.5185
883.8396
874.6045
837.8305
872.2519
873.2867
894.5751
876.3554
954.1211
875.2281
900.4903
945.2649
869.1545
903.7109
924.5032
858.3939
870.9621
906.8877
917.8385
900.9251
872.2764
902.7437
855.7862
913.3274
933.4349
875.0562
902.7437
973.7839
891.9097
847.5424
895.05
865.3606
889.7426
952.796
897.8318
895.05
926.5955
876.3554
925.0534
921.06
917.8385
900.1728
914.5753
853.0026
837.9653
891.9097
897.8318
931.4033
924.9046
903.8122
891.1937
895.931
875.5247
927.0023
924.4578
882.5818
917.8385
932.8245
906.3066
934.4208
881.5429
918.7973
917.2278
912.6357
835.1873
918.2342
892.0431
829.8074
870.2345
914.2158
908.6241
919.8952
862.8857
893.2448
872.9348
907.3676
907.7854
904.2647
889.5078
824.8888
847.1744
945.6936
916.4887
864.8404
892.9514
888.787
931.4033
871.5993
921.2576
875.5247
871.1319
900.1728
950.92
923.6429
961.9732
943.662
844.537
896.2609
900.2995
962.946
880.346
835.1732
946.917
899.844
839.7272
857.2025
857.4518
906.3066
929.4262
893.7836
875.5247
927.7917
943.1236
937.8857
868.7709
901.8791
883.8396
926.5955
888.787
954.9575
872.2764
913.8074
880.346
875.0562
896.2642
874.9352
860.3565
870.2345
917.7263
843.5142
870.0857
902.7437
903.9929
864.5454
894.0029
923.6429
936.9025
893.217
925.0534
918.2342
879.9033
873.6185
884.8574
827.3999
910.28
856.9312
873.7359
880.6074
932.9753
883.8396
952.4892
936.4703
900.2995
908.3195
945.6936
848.3338
902.7437
881.5429
898.6345
932.9753
860.3565
897.19
865.0389
908.8155
903.9929
876.5332
908.3195
924.5032
925.0534
861.0409
903.2494
958.4073
942.3333
894.5751
948.7702
883.8396
958.4073
906.3066
904.4363
838.0472
937.1607
920.3201
930.8045
937.1607
889.5078
899.8024
846.8556
883.8705
876.8399
861.3639
844.537
917.2278
881.2675
922.7071
885.9912
853.0026
827.5573
886.1487
897.19
878.3281
896.5381
901.1991
815.2658
945.2649
882.5818
897.8318
870.0857
823.0752
876.3554
932.6294
935.1829
881.5429
944.2195
901.9105
853.8268
961.1352
891.1937
871.3334
924.1176
904.2647
890.6411
887.0749
910.5227
917.7263
941.7495
908.6241
898.3441
899.3049
875.0562
916.4765
907.3866
941.2725
841.1986
872.0397
915.0769
928.408
899.8024
883.8124
844.6256
908.7845
900.9251
848.9008
903.2494
957.6841
883.8124
843.4277
946.7423
881.3523
912.0074
900.3168
909.1176
848.5181
839.5381
922.7071
884.1289
896.1683
835.8353
856.7432
908.9659
946.307
922.7071
882.5818
841.3393
875.129
868.6404
843.5142
913.8074
912.4934
875.2802
841.1986
915.0123
931.4033
844.9532
914.3326
889.5078
899.844
883.8396
842.7024
901.8791
866.6037
901.8791
867.6051
923.6429
883.8396
906.3066
866.2764
886.7064
922.3912
891.9989
917.8385
897.19
899.4416
921.3639
907.4114
878.4011
849.106
886.8919
874.2608
927.0023
882.5818
887.0749
920.4391
898.6345
879.5131
943.1236
874.2608
889.9257
841.9787
900.4071
891.588
867.7415
901.1991
919.8784
857.2025
892.0296
937.8857
902.0464
961.7304
917.2278
883.8396
897.8916
862.7819
932.7082
870.8306
856.7432
904.7583
895.8181
917.8385
897.19
845.0334
864.391
921.1547
883.8396
841.7859
888.2758
954.9575
961.5902
908.7845
879.9033
868.7709
878.719
896.1347
878.5111
915.0123
878.5111
950.9945
882.1561
886.1487
918.9033
924.5032
918.2342
942.5209
884.8574
957.8484
844.3944
923.6429
941.408
879.9615
934.4208
877.2909
931.4033
870.2345
914.2158
889.5078
907.573
847.5891
904.2647
878.6736
883.8124
866.282
941.408
922.9764
876.3548
914.5753
909.1176
878.3281
886.9865
909.1176
966.1728
933.8746
927.7917
873.2867
908.9659
939.3914
867.7415
873.2867
900.2995
888.8104
847.6235
884.8574
901.4373
884.2087
892.0296
871.3441
881.2675
858.5782
908.8155
874.9352
946.7423
879.9033
846.2124
900.4071
884.1289
875.3673
859.7366
824.8888
829.3415
885.2994
847.6235
952.4892
873.9008
831.4114
876.9253
828.8096
907.3866
935.6483
908.7845
830.5154
850.4476
896.1683
906.0423
885.5207
863.3818
913.3274
834.0747
893.2448
957.6841
848.5276
878.005
903.8122
903.8122
938.88
933.218
895.8181
917.8385
823.6441
936.102
885.5207
888.787
896.5381
919.8952
932.9753
896.5381
828.9742
907.3676
878.2776
847.5891
921.2576
948.7702
917.2278
927.0023
912.4593
913.8074
853.2513
935.1829
957.0623
889.5078
892.1238
879.4403
891.588
932.6294
867.0298
868.6404
853.0026
875.5247
946.7423
920.4391
928.7516
888.2758
918.2342
904.7583
904.6698
860.2693
891.1937
918.7973
883.4966
831.2253
904.4363
917.6247
818.0694
933.218
873.6185
923.5808
914.2158
907.573
824.8888
867.3287
900.0577
871.3334
900.1728
856.9312
933.8746
961.7304
900.9251
938.4198
876.8399
883.8705
890.6411
876.3554
924.4578
908.8155
893.2448
946.7423
903.9929
917.447
917.7263
817.4097
881.3523
922.0777
901.1991
906.0423
899.8024
966.7737
875.5247
866.6037
891.1937
847.5424
875.2008
960.2953
835.0399
853.1945
883.8124
929.3305
918.9033
899.3049
866.9177
880.6042
918.2342
898.3441
826.7316
855.396
895.05
933.8746
886.0154
874.2608
959.4996
895.05
885.2994
890.6411
870.0193
870.2345
888.787
932.9753
878.2776
861.3639
909.8226
893.217
851.4537
882.6468
890.8693
896.1683
913.3274
899.8024
909.42
941.408
929.4262
894.9489
907.3676
913.3274
907.3676
892.5703
932.8332
873.5556
890.8693
883.4563
829.7286
883.8124
933.8746
918.4326
890.4351
906.3066
924.4578
940.7704
914.2158
896.2609
908.8155
883.8124
865.3606
878.5111
903.9929
882.6468
875.5247
914.5753
888.787
841.8103
929.3305
815.2658
967.6875
876.8399
927.0023
881.3523
827.3999
844.9532
879.4403
924.5032
899.2903
898.6345
832.0753
830.5159
908.263
889.5078
889.2435
864.0773
890.8693
885.4991
935.6208
912.4934
884.1289
835.4506
903.9929
896.1683
929.3305
935.1829
867.3787
864.391
973.7839
846.0714
845.8186
900.9138
935.6208
901.1991
861.3639
917.447
903.9929
899.3049
880.346
879.5131
922.7071
879.3348
909.1176
811.1628
906.5282
884.1289
854.0015
850.6427
900.1728
871.1319
920.3201
860.761
922.7071
914.2158
911.9404
909.1176
908.8155
841.9787
872.0785
923.5808
917.6247
926.5955
901.4373
899.6835
936.7456
909.1176
892.0431
840.0543
917.7263
892.1238
918.4326
870.4719
841.2267
894.0029
811.1628
903.8122
888.8104
892.0296
867.6051
913.3274
866.282
838.0472
933.2455
853.1945
877.2909
866.9177
932.8332
886.1487
899.8024
880.6074
879.4403
962.946
880.6074
894.0029
871.3334
900.4903
938.4198
907.3866
898.3441
961.7304
863.3818
844.7585
838.7714
901.9105
863.6175
890.6411
880.6042
909.8226
870.2345
840.0543
840.1138
866.2764
828.6358
875.129
867.3787
897.8318
886.0154
897.8318
941.2725
896.5381
817.4097
903.9929
936.7456
882.6468
882.5818
936.7456
924.4578
935.6483
844.1206
832.356
914.0124
881.5429
902.1805
918.2342
896.2642
844.7585
932.7604
829.7286
900.2995
880.8442
872.0955
841.7859
861.9266
878.0696
874.8192
881.3523
923.6332
921.06
924.5032
963.3061
907.2003
912.4593
897.8318
913.3274
861.3639
837.7119
952.8983
912.0341
917.447
863.6175
878.6736
897.19
878.719
879.9615
899.8024
915.0123
864.1073
907.4114
867.0295
878.719
883.4563
957.6841
847.6475
949.8995
946.2246
941.7495
959.8081
929.4262
957.6841
929.0459
864.2973
859.4073
877.0094
859.4073
832.356
858.3939
901.1991
884.2087
870.8306
907.573
903.7109
886.0154
889.9257
938.8278
866.6037
889.7426
906.0423
856.9312
870.6637
883.4793
932.6294
882.5818
886.7064
948.8475
918.4326
936.2947
882.1561
897.8318
880.6074
950.7591
868.826
920.762
883.8396
896.2609
916.4887
886.1487
879.5131
943.4063
833.888
909.1176
855.396
970.1226
886.8919
941.408
932.8332
918.518
893.7836
925.0534
867.7415
878.2776
909.1176
872.0785
907.573
882.6468
902.1805
924.5032
878.3281
880.346
894.5751
837.9653
912.6049
938.88
885.5207
876.3554
833.8312
932.9753
930.8045
879.3348
952.4892
876.5332
895.05
862.7819
885.4991
848.5181
861.3639
885.9912
917.7188
931.1298
891.1937
894.9489
938.4198
900.2995
840.1138
916.603
884.2087
954.2889
895.931
911.895
943.4063
963.661
859.4073
903.7109
889.9257
899.6835
902.1805
882.5818
916.7936
855.396
825.0008
896.2642
927.0023
868.5083
868.6404
886.7064
885.4991
896.1683
835.8353
862.7819
912.4934
937.8857
883.8396
881.3523
868.7709
899.3049
941.408
896.5381
875.2008
917.0822
900.9251
908.9659
969.0169
875.5247
853.0026
952.1404
924.5032
898.6345
935.1829
838.7714
894.5751
871.5993
907.3866
849.106
845.0334
880.2439
888.8016
913.8074
923.5808
900.9251
912.3557
868.7709
902.1805
844.7585
903.7109
875.2008
925.816
903.2494
892.9012
897.8318
908.6241
957.8484
963.661
914.2158
928.408
879.2465
887.979
953.7627
882.1561
907.2003
878.6736
815.2658
868.5083
878.2776
829.7286
952.796
901.75
908.7845
853.2513
872.0397
914.6768
889.5078
843.5066
910.28
855.396
936.4703
921.2576
908.8155
900.9138
897.19
917.7263
840.9443
903.7109
904.1649
898.3441
836.0711
956.2197
857.796
870.9304
832.356
904.7583
899.844
883.8396
941.408
850.5939
840.0543
883.4966
913.8074
921.0877
895.8181
909.8226
901.4373
907.7854
929.3305
886.9865
868.7709
896.1683
922.0809
864.5454
841.7859
858.117
970.7859
851.4537
838.0384
903.9929
940.0115
929.573
934.4208
882.5818
917.7263
904.7583
899.844
929.4262
890.6411
913.8074
917.447
881.5429
873.6185
840.3725
888.2758
924.9645
910.5523
909.42
881.5429
891.1937
952.4892
886.0154
843.241
941.7495
840.0543
958.4073
850.4476
910.28
878.2776
842.6017
868.5083
886.9865
848.9008
848.5181
907.3676
870.1727
846.2124
921.06
901.75
874.6045
894.5751
853.0026
831.0685
948.0514
844.7585
918.7973
963.661
872.0955
876.8399
873.6185
923.6429
909.1176
886.7064
889.7426
918.4326
909.1176
907.3676
904.7583
918.4326
881.3523
866.2764
893.7836
896.2609
886.8919
916.4134
912.0074
954.1895
843.241
933.7313
909.42
904.7583
927.0023
840.0543
965.9429
879.9033
892.1238
829.7286
886.7064
913.8074
923.6429
896.2642
907.2003
906.3066
964.2862
888.787
918.9033
915.0123
835.8353
894.5751
870.9304
960.3334
893.7836
873.6185
892.0431
892.2324
882.6468
864.391
899.6835
920.3201
895.931
867.3787
873.4648
903.2494
836.3273
883.8124
853.0026
835.8257
904.7583
903.7109
907.4114
909.42
885.2994
895.05
899.844
961.1352
837.0564
870.2345
934.4208
912.6049
875.0562
886.8919
904.9075
908.9659
898.3441
896.5381
846.8556
879.3751
892.1238
840.0543
913.8074
844.6256
883.8705
892.0296
907.3866
878.4011
837.2661
903.7109
883.8705
864.1073
883.8705
948.8475
876.9782
914.2158
944.3593
917.8385
829.7286
875.2802
873.6185
886.0154
949.8995
873.4648
835.8353
903.8122
912.4934
872.0785
963.4709
879.3751
860.9681
894.0029
885.5207
897.8318
902.7437
829.8233
913.3274
883.4563
921.0877
882.6468
907.7854
874.8192
892.3254
918.7973
958.4073
844.1206
964.2862
886.7064
897.19
956.2197
897.19
843.5066
831.2362
957.9488
931.4033
938.8278
820.6588
860.9681
950.6097
895.05
868.5083
944.2195
900.9251
918.4326
840.1423
901.1991
910.5523
880.2439
892.5703
901.1991
892.5703
846.9904
865.1337
879.9033
895.931
871.1319
909.1176
875.2281
918.9033
911.9404
887.979
835.1732
907.2003
873.4648
856.7432
907.7854
906.5282
862.7819
894.5751
913.3274
917.6247
913.3274
827.3999
880.6074
892.9012
942.3333
922.0777
950.92
876.9253
912.4593
912.4934
904.9075
908.7845
920.762
865.0389
868.7709
880.6074
917.2278
900.4903
877.2909
922.7071
875.0562
967.6875
912.6357
850.382
948.8475
864.391
917.8385
886.9865
885.6347
909.8226
828.6358
893.7836
916.6216
921.3639
922.0777
826.1956
863.3818
922.0777
902.7437
943.4063
922.0777
892.9514
922.9764
967.4368
833.1219
895.8181
886.1487
874.6045
885.6347
912.4593
837.665
921.0877
922.0777
866.9177
899.6835
906.1583
855.9659
871.3441
870.4719
914.0124
828.7146
901.75
916.4887
914.6768
890.8693
971.9451
888.8016
903.2494
938.8278
873.6185
943.1236
883.8705
924.5032
959.4996
873.5185
845.0334
918.7973
853.3526
867.6051
904.2647
889.5078
898.6345
922.7071
871.5993
873.2867
903.8122
927.0046
870.8306
912.0341
912.4593
891.588
952.796
899.2424
972.7813
904.7583
908.9659
866.282
896.1347
868.7709
879.4403
950.7591
850.6427
889.7426
918.2342
891.9097
906.8877
917.2278
967.6875
936.102
914.2158
858.3939
921.2576
900.9138
935.1829
870.1727
871.1319
866.9177
909.1176
939.3914
908.9659
839.8601
870.4719
841.9787
906.3066
875.3888
878.0696
892.9012
912.0074
921.3639
891.1937
896.2609
907.4114
945.4719
918.9033
918.4326
858.3939
878.2776
874.6045
954.1211
912.3557
871.3334
899.844
956.2197
884.8574
900.1728
941.408
919.1663
886.0154
870.2345
835.8353
879.9033
899.8024
893.2448
891.9097
896.5381
815.2658
878.719
917.447
941.2725
898.6345
870.8306
886.1487
870.9304
864.476
846.9904
864.5454
873.5185
874.8192
889.5078
937.1607
847.1744
886.1487
871.3441
922.0809
885.9912
899.3049
891.1937
873.9008
941.2725
892.1238
876.9782
900.9138
907.3676
858.5782
916.4765
866.2764
957.6841
825.2946
967.4368
920.762
926.0697
883.4563
954.1211
941.408
912.4934
838.1647
921.2576
881.5429
834.24
844.3944
900.4903
885.9912
903.9929
918.2342
894.5751
879.3348
955.7666
933.8746
901.75
872.0397
864.0773
883.8396
859.4073
868.5967
923.5808
857.4518
916.4765
823.1238
921.06
936.8077
897.19
906.5282
909.1176
891.1937
922.0777
892.0296
952.4892
882.6468
900.4071
864.0773
864.8404
867.3787
896.2642
883.4966
906.5282
886.7616
855.9659
908.9659
888.2758
809.4194
868.0888
893.7836
924.5032
932.8245
857.4518
841.1986
922.0809
929.1014
929.4262
906.8877
891.1937
887.0749
866.2764
963.3061
901.4373
847.1744
893.2448
918.9033
856.9312
967.6875
923.6332
956.3285
873.9008
868.7709
913.8074
907.4114
883.8124
904.7583
939.69
860.9681
930.8045
906.8877
879.9033
904.6698
898.6345
906.8877
880.8442
879.3348
864.5454
882.6468
858.3939
842.7024
897.8916
922.0809
868.826
886.1487
897.8318
890.8693
907.3866
913.8074
904.7583
900.1728
927.0023
879.9615
938.4198
912.0074
873.5185
938.88
886.1487
957.0623
950.6097
901.75
897.8916
901.8791
935.6966
961.5902
847.1744
835.4506
868.826
938.8278
886.7064
829.8074
898.3441
860.2693
891.1937
961.7304
943.1236
903.9929
877.0094
899.3049
847.4384
886.7064
872.2764
907.573
950.6097
825.0228
912.0074
896.1347
933.218
885.9912
849.5441
897.8318
923.5808
908.8155
892.0296
917.7263
903.9929
960.4817
912.6357
866.1968
839.8601
918.7973
873.6185
915.0123
932.8245
880.6074
834.24
866.9177
855.7862
833.3855
883.8396
874.2608
916.4887
889.9257
880.6074
872.0955
911.895
912.3557
881.2675
930.4241
935.6208
912.6357
908.3195
912.0074
891.1937
879.3348
892.1238
850.0553
857.4518
900.1728
830.5159
886.8919
850.6427
907.573
916.603
913.8074
914.0124
880.8442
895.05
820.6909
888.787
922.0777
950.92
841.1986
841.2267
894.814
831.2362
886.9865
929.4262
923.5808
893.7836
864.8404
839.5381
963.661
968.7789
844.7585
903.2494
897.19
875.2281
874.9352
875.0562
878.3281
915.0123
922.7071
876.3548
888.834
875.0562
840.1331
840.9443
941.408
903.7109
904.9075
883.4563
917.1417
906.5282
907.3866
864.0773
923.6429
858.1172
924.5032
883.8124
932.6853
811.1628
937.8857
921.3639
901.75
909.1176
873.6185
888.787
935.6966
886.1487
867.6051
886.7064
912.3557
891.9989
903.8122
893.217
881.2675
902.2633
839.7272
831.0685
930.7718
929.3305
860.2693
917.447
874.9352
936.2947
832.3327
911.9404
902.7437
913.3274
850.6836
923.6429
859.2549
911.9404
900.9138
938.4198
901.4373
820.816
899.3049
894.5751
871.3334
828.3376
954.9575
936.4703
878.5242
892.1238
903.9929
864.8404
943.1236
875.129
917.7263
880.6074
885.5207
870.9621
867.7415
887.979
839.7272
871.3334
829.3415
897.8318
864.5454
872.2764
906.5282
867.0295
881.5429
910.5227
870.1727
875.5247
888.3686
858.1172
879.4403
886.9865
849.106
871.3441
864.0773
884.8574
826.1956
915.0123
853.2513
927.0023
915.4297
906.8877
893.7836
875.3673
858.5782
933.8746
880.346
849.106
917.8385
867.3787
867.0298
914.0124
910.28
902.1805
876.9253
895.8181
855.396
929.4262
879.9033
973.7839
879.3348
913.3274
921.06
892.1238
952.4892
957.8484
885.2994
924.9645
952.4892
948.8475
910.5227
890.8693
901.1991
914.2158
900.4903
888.787
951.8309
867.3787
834.0747
856.9312
895.931
903.2494
875.2386
913.3274
922.9764
922.0777
833.1219
874.8192
907.7854
945.4719
874.6045
904.7583
879.9033
893.7836
906.5282
922.4104
931.4033
866.282
835.1873
963.661
945.6936
835.1732
876.3548
901.4373
827.5573
918.7973
916.6216
936.9025
924.1176
891.9097
919.8952
862.7819
880.8442
873.5556
943.662
829.8074
923.6429
883.8124
921.0032
879.3751
899.4416
904.9075
861.3639
907.7854
958.0499
908.3195
886.8919
931.4033
879.4403
875.2386
903.9929
873.5185
871.5993
901.8791
869.2701
893.2448
868.6404
913.3274
941.7495
895.05
918.9033
907.3866
878.0696
935.6208
921.0032
877.2909
941.408
906.8877
885.9912
896.1347
831.0685
893.7836
917.7263
847.5891
916.4887
902.7437
853.0691
882.5818
927.0023
896.5381
967.0551
906.8877
868.7709
888.787
835.8353
878.5242
919.1663
920.4391
952.4892
905.6782
904.9075
918.4326
917.7263
935.6208
893.7836
908.3195
904.9075
879.4403
917.8385
914.0124
956.3285
904.4363
915.0123
931.9995
899.8024
909.1176
899.8024
883.8124
879.3348
946.307
969.0169
828.7146
893.7836
935.6966
865.7094
897.8318
914.8572
901.4373
917.2278
907.7854
867.0298
898.3441
828.8096
886.8919
932.7082
904.3968
878.6736
902.7437
909.42
911.9404
864.5454
888.8104
831.0961
914.6768
847.5424
886.8919
837.665
908.6241
889.9257
843.5142
843.5066
876.8399
841.966
969.0169
862.7819
830.5159
900.1728
934.8925
890.4351
906.0423
830.5154
961.1352
938.4198
895.8181
871.3441
840.3927
906.5282
936.2947
877.0562
904.9075
825.7294
952.8983
920.3201
973.7839
892.0431
894.5751
841.8765
893.7836
960.4817
899.8024
864.1073
892.0431
886.1487
917.447
892.5703
899.6835
817.4097
899.3049
858.117
864.1073
947.8106
958.4073
907.573
870.9304
938.8278
858.3453
919.8784
900.9251
871.8271
906.3066
868.5967
907.7854
903.7109
897.8318
886.7064
902.7437
873.5185
873.6185
888.787
845.0334
878.6736
871.3334
936.102
898.3285
898.3441
907.7854
913.8074
950.9945
872.2764
929.573
918.4326
903.9929
932.9753
897.8318
922.7071
858.3939
873.0321
973.7839
857.4518
911.4434
899.844
842.7024
885.5207
828.6358
904.7583
866.6037
922.9764
876.9253
939.3914
853.0026
960.4817
933.8746
900.9138
900.9251
882.5818
887.0749
883.4966
941.8549
930.8045
867.3787
916.7936
868.826
878.3281
908.1907
863.6175
891.9989
949.8995
929.573
820.6588
822.5638
829.3415
882.6468
878.3281
914.0124
897.8916
871.5993
903.7109
889.7426
961.7304
880.6074
950.6097
900.4071
906.8877
886.1487
901.75
961.9977
938.88
881.3523
915.5177
892.1238
893.217
904.9075
852.195
891.588
908.8155
917.447
884.1289
898.6345
847.6475
861.2828
841.7859
931.4033
906.8877
883.4966
860.3565
878.2776
871.5993
837.2661
914.6768
823.0501
919.8784
873.6419
896.5381
904.4363
879.3348
880.2439
903.7109
871.1319
875.0562
871.5993
961.5902
883.8124
818.0694
827.0801
899.3049
916.4887
900.0577
960.3334
886.7064
879.5131
911.4434
904.4363
848.5181
833.8312
942.5209
943.1236
825.2946
906.3066
909.42
876.3548
900.4071
917.447
879.3348
934.8128
876.3548
909.8226
888.2758
918.2342
906.3066
892.3254
918.4326
879.9033
935.6966
873.2867
950.92
856.9312
862.7819
922.0809
885.9912
925.0534
924.5032
853.2513
864.8404
912.4593
845.3945
899.8024
822.3666
833.3855
898.6345
881.5429
961.5902
902.1805
881.9119
876.3548
961.1352
903.7109
878.5242
878.4011
828.6358
930.4241
888.2758
909.1176
868.826
908.7845
893.7836
845.3945
870.0857
931.4033
867.6051
928.408
917.447
941.408
896.1683
903.8122
875.2281
874.9352
839.1138
904.4363
844.7585
950.6097
879.9615
918.2342
884.1289
965.1295
922.0777
891.588
878.3281
893.7836
899.8024
847.1799
919.1663
872.9348
893.2448
864.8404
861.3639
890.4351
970.2855
918.9033
886.9865
875.5247
868.6404
934.4208
889.7426
862.9006
881.5429
887.979
856.9312
932.8245
939.3914
903.9929
892.9012
835.8353
868.7709
913.3274
899.844
835.1732
860.9681
924.4578
917.7263
878.5242
914.0124
896.2609
908.7845
858.1172
900.4903
868.826
941.0767
879.5131
958.0499
904.4363
873.0321
883.4966
885.5207
892.9012
874.6045
877.0094
900.9251
938.88
883.8705
881.5429
862.8857
886.9865
884.2087
893.7836
893.2448
909.1176
846.0714
895.931
957.9488
923.6429
896.1347
833.9875
898.3441
894.5751
845.0334
941.7495
864.5454
903.9929
883.4966
845.8186
903.2494
841.5342
898.6345
914.6768
899.2424
903.9929
913.3274
920.7912
918.4326
886.9865
823.1238
941.408
879.3348
910.28
870.2345
931.4033
844.7585
820.9438
882.5818
893.7836
922.4104
932.9753
878.3281
874.9352
886.0154
927.0023
919.8784
873.4648
885.4991
908.8155
888.8016
925.0534
923.6429
875.2802
929.4262
862.7819
892.9514
924.3972
899.3049
873.6185
906.1583
924.3972
840.0543
935.6966
886.9865
883.8124
835.4506
900.2995
867.3787
886.1487
925.816
815.2658
872.0785
878.005
864.391
943.662
825.2946
909.42
846.2124
834.24
919.8784
914.0124
883.8705
933.7313
841.1986
918.4326
878.3281
886.7064
908.8155
886.8919
929.0459
892.9012
918.9033
878.5242
915.0769
923.6429
919.8952
922.0809
853.0026
896.1683
953.7627
884.1289
861.0417
853.0026
907.3676
902.1805
896.5381
884.2087
893.7836
864.8404
904.7583
847.1799
880.6042
919.8784
820.577
918.4326
889.9257
897.19
933.8746
873.6185
894.814
904.2647
882.6468
886.7064
892.1238
900.9251
860.9681
858.3453
904.4363
892.0431
893.217
896.5381
868.7709
908.8155
917.0822
886.1487
907.2003
820.6588
832.5214
876.3554
879.9033
926.0697
903.9929
827.0546
906.3066
868.9986
953.7502
864.0773
929.573
942.3333
871.5993
868.826
871.3334
913.3274
878.3281
818.0694
897.8916
868.9986
929.0459
943.4063
867.3787
893.7836
839.9497
837.1246
889.2435
914.2158
927.0023
861.9266
929.4262
912.4593
865.3606
922.0777
847.6475
864.0773
873.4648
912.4934
895.931
875.0562
855.9659
904.7583
861.3639
902.1805
965.9429
919.0148
885.9912
923.5655
913.3274
853.2513
879.9033
847.1799
897.8318
961.5902
915.1764
828.8096
934.4208
950.6097
880.6074
873.9008
910.28
847.5891
866.6037
937.1607
873.6185
937.8857
835.4506
856.7432
929.1014
884.1289
859.4073
880.6042
883.4966
912.0074
865.3606
963.661
929.573
951.9985
842.6017
933.8746
917.1968
927.8175
908.7845
870.8306
918.4326
961.5678
873.6185
864.391
914.5753
913.3274
828.7146
866.9177
906.3066
918.4326
880.6074
898.3441
882.5818
889.5078
820.6909
931.1298
904.4363
918.2342
895.931
950.6097
849.106
914.0124
952.4892
929.573
930.8045
900.2995
903.7109
901.4373
896.1683
880.346
876.5332
899.8024
866.282
883.4563
886.1487
868.826
908.9659
896.5381
873.6419
874.9352
962.946
855.9659
921.0032
878.4011
898.6345
940.0115
961.9732
884.2087
948.7702
870.8306
884.1289
900.4071
885.9912
843.6154
946.307
883.8396
879.4403
921.0877
921.2576
886.1487
899.3049
900.2995
921.06
941.7495
908.9659
853.8268
850.6427
839.9497
915.0769
935.1829
871.3334
871.5993
878.3281
907.7854
848.5181
912.3557
871.3441
853.0026
900.2995
908.8155
961.1352
929.3305
888.834
917.6247
880.6042
885.5207
866.9177
878.719
958.4073
898.3285
913.4023
873.4648
834.24
903.9929
857.4518
890.8693
918.9033
897.19
878.4011
818.0694
927.0023
878.2776
889.2435
961.5902
876.3554
825.7294
872.2764
883.8705
899.844
942.3333
921.3639
898.6345
842.7161
886.8919
934.8925
858.117
838.0472
895.8181
878.2776
908.6241
867.3787
867.5456
889.5078
896.2642
904.9075
880.6042
876.3554
889.9257
900.4071
888.787
893.7836
916.6216
877.0562
960.1785
858.1172
883.4563
892.9514
916.7936
892.1238
885.2994
963.661
921.3639
935.1829
858.117
958.4073
901.75
876.9782
839.7272
914.6768
888.787
959.8081
878.4011
918.518
922.0777
872.9348
885.9912
863.6175
922.0777
874.6045
904.7583
875.5247
827.3999
957.9488
871.3441
900.4903
925.0534
815.2658
879.3348
847.6235
907.3866
886.9865
894.0029
858.1172
874.6045
941.408
930.8151
880.2439
900.9251
908.7845
896.5381
831.0751
896.2642
864.8404
957.6841
896.1683
879.9033
909.42
900.4071
941.408
908.8155
873.0321
870.0857
956.3211
847.6475
827.0546
909.42
890.6411
946.307
890.6411
922.4104
827.2521
906.5282
906.0423
875.2802
882.5818
838.0384
885.2994
917.447
847.5424
882.6468
853.3633
947.7667
840.0543
956.2197
848.5276
913.8074
931.4033
963.3061
895.05
914.6768
907.7854
876.3548
922.9764
879.4403
907.3866
878.3281
891.588
907.3866
892.0296
882.5818
868.7709
837.2661
876.3548
855.7912
867.3787
889.9257
866.1968
877.0094
872.0397
857.4518
881.2675
868.3757
943.1236
883.8396
831.0685
900.4903
885.5207
872.0397
869.2701
891.1937
891.1937
956.7779
945.6936
817.4097
952.4892
888.834
913.3274
847.1744
936.2947
878.6736
903.8122
911.4434
896.5381
864.1073
888.8016
897.8916
877.0094
888.8016
843.5142
879.3751
903.2494
940.0115
879.3348
890.6411
847.6235
891.1937
917.6247
893.7836
923.6429
921.06
844.1206
815.2658
892.1238
944.2195
889.5078
885.2994
872.0397
871.8271
871.3441
919.8784
885.2994
932.9753
929.573
900.4903
877.2909
878.6736
948.0514
827.0546
897.19
913.3274
892.1238
861.9266
877.0094
903.2494
909.1176
929.3305
899.3049
852.195
879.4403
923.3487
835.8353
885.6347
840.3725
837.7119
904.4363
883.4966
923.5808
949.8995
867.5456
899.6835
872.9348
875.0562
854.0521
901.4373
845.8986
943.4063
950.92
878.2776
879.9033
873.5185
949.8995
922.0777
944.3593
849.106
838.9717
893.7836
929.0459
902.1805
885.2994
969.0169
900.4071
883.8124
899.8024
846.8556
873.6185
955.7666
899.6835
912.0074
888.8939
876.9782
882.5818
893.7836
926.0697
872.0785
960.3334
886.8919
941.7495
911.4434
897.19
875.2281
908.9659
856.9312
918.4326
863.6175
919.1663
879.3348
923.6429
879.9615
906.3066
921.06
926.0697
822.5638
896.1683
891.9097
913.4023
899.8024
889.5078
917.8385
891.9989
879.3348
876.3548
907.3866
880.2439
907.7854
911.9404
887.979
897.8916
880.6074
900.9251
858.1172
933.7313
915.1764
850.6427
940.7704
873.6185
875.3888
908.9659
883.8124
886.8919
932.7082
903.7109
957.6841
826.1956
888.2758
884.1289
886.7064
831.4114
850.4476
958.4073
906.8877
858.3453
884.2087
837.1246
886.8919
856.9312
874.9352
891.1937
942.989
934.8925
890.4351
892.5703
884.8574
871.8271
871.3441
860.2693
907.3676
950.6307
903.2494
954.1211
892.5703
885.2994
839.9497
859.1536
941.2725
858.117
886.7064
897.19
900.0577
886.8919
882.5818
870.0193
907.2003
870.0193
879.4403
858.1172
889.9257
856.9312
872.2764
895.05
891.1937
886.9819
892.1238
886.1487
936.8077
875.129
930.4241
841.4002
922.7071
907.573
904.9075
896.2642
867.5456
885.6347
834.0747
903.9929
854.0521
912.4934
876.9782
893.7836
868.5083
844.1206
893.7836
873.2867
870.0193
882.5818
856.7432
900.9138
917.6247
936.102
907.3676
917.7263
891.9097
907.4114
858.117
914.6768
959.8081
892.2324
878.5111
903.9929
861.3639
917.8385
893.7836
880.3455
896.1683
888.834
868.826
847.1799
953.7502
860.9681
896.1347
953.7627
925.0534
950.9945
935.6483
832.8004
904.7583
848.5276
945.4719
926.5695
890.6411
920.3201
885.5207
877.0562
903.7109
912.3557
859.4073
879.3348
881.5429
853.3633
956.2197
892.1238
888.787
866.282
903.8122
916.4887
923.5808
957.8484
891.9989
916.603
881.3523
881.3523
933.218
827.5573
926.5695
967.6875
957.0623
918.9033
820.6588
904.6698
868.0888
900.4071
913.8074
892.1238
894.814
897.8916
859.1536
925.0534
844.1206
921.1547
878.0696
886.9865
862.7819
866.282
917.6247
910.28
835.7953
943.662
913.3274
868.0888
846.2124
900.9251
923.5808
877.6651
893.7836
916.6216
946.307
850.382
909.8226
828.3376
871.3334
909.42
881.9119
913.3274
890.6411
917.8385
912.4593
923.5655
906.5282
835.8257
886.8919
897.8318
950.92
880.346
896.2642
899.3049
956.3285
922.7071
909.8226
874.9352
835.8353
906.3066
873.6419
901.75
895.8181
853.1945
894.814
876.5332
941.8549
935.1829
917.447
838.0472
943.662
888.3686
841.9787
926.0697
880.6074
916.4765
929.4262
924.1176
965.9429
894.5751
818.0694
876.3554
879.9033
881.5429
858.117
929.573
876.3554
872.2764
888.8016
872.0785
863.6175
948.7702
892.9514
867.3287
896.2642
918.7973
882.5818
900.9138
888.8016
918.4326
871.3334
958.4073
894.9489
909.1176
910.3981
869.1545
886.8919
922.0777
870.1727
895.931
900.1728
872.9348
935.6966
912.4593
898.6345
873.5556
942.3333
922.0777
901.8791
906.8877
888.787
909.1176
843.241
907.3676
871.3334
867.3287
853.1945
969.0169
930.8045
896.1683
865.3606
908.8155
886.7064
942.3333
871.5993
888.787
909.8226
918.518
878.4011
879.2465
911.4434
847.1744
896.5381
922.7071
895.05
870.8306
879.3348
899.2424
958.4073
894.0029
871.3334
847.1744
882.1561
899.8024
900.7165
967.6875
913.8074
918.518
895.05
862.9006
957.6841
875.2281
912.4593
889.5078
893.2448
917.447
919.1663
945.6936
891.9989
847.5424
921.3639
885.5207
927.0023
908.9659
845.0334
883.4966
871.8271
913.3274
932.9753
899.8024
833.1219
872.9348
896.1683
838.0384
922.0777
897.8916
888.834
844.1206
912.4934
921.3639
834.2276
875.5247
934.4208
957.6841
881.3523
892.5703
884.1289
904.9075
878.2776
870.9304
931.9995
886.8919
868.7709
906.0423
871.8271
898.6345
856.7432
889.7426
860.3565
881.2675
906.3066
867.3787
833.5019
912.0341
848.5181
844.537
917.8385
941.408
867.3787
918.4326
908.6241
897.8318
863.6175
913.3274
900.1728
891.9989
967.877
886.1487
870.9621
937.8857
835.0399
926.0697
919.8952
879.9033
847.6235
873.6419
939.3914
872.0397
923.6429
916.7936
929.573
920.3201
922.9764
886.9865
893.2448
891.1937
892.9012
909.8226
907.2003
890.4351
844.537
903.9929
834.0747
893.7836
888.2758
913.3274
846.2124
958.4073
953.3135
917.8385
888.787
947.8106
856.9312
912.0341
926.0138
916.7936
873.6185
882.5818
894.814
935.6483
898.6345
878.2776
924.4578
923.6429
878.3281
888.787
895.8181
864.0773
831.7491
883.4966
922.7071
897.19
900.2995
953.7502
918.2342
889.5078
945.6936
879.9033
899.2424
919.8952
870.2345
922.0777
913.3274
930.8045
868.826
924.3972
935.6483
956.3211
831.2362
966.7737
934.4208
907.3866
847.5891
892.9012
846.4742
881.3523
937.8857
924.4578
872.0397
879.9033
825.0008
896.5381
850.6836
914.8572
875.2386
890.4351
888.787
883.8396
871.5993
939.3914
839.9731
923.6429
875.2802
907.7854
916.7936
916.4887
887.0749
840.3927
896.2642
891.1937
897.19
858.3453
894.5751
912.4593
878.4011
949.8995
957.6841
895.8181
899.8024
900.4071
873.5185
847.4384
879.2465
876.3554
888.787
927.7917
839.5381
938.4198
909.42
850.4476
942.3333
886.9865
889.5078
909.42
890.6411
915.4297
903.2494
873.6185
870.9304
891.1937
875.2281
876.8399
900.0577
885.6347
929.1014
869.2809
896.1347
893.7836
886.7064
864.476
933.8746
908.9659
918.2342
907.3676
908.7845
913.3274
873.9008
871.8271
930.8045
860.3565
843.4277
958.4073
917.6247
953.7627
907.3866
900.2995
891.588
841.4002
907.7854
912.4593
843.241
878.3281
930.8045
891.9989
878.6736
929.573
922.7071
941.408
952.4892
860.1398
909.1176
878.5242
891.1937
927.0046
838.1647
920.3201
889.5078
874.8192
893.7836
901.75
863.4158
878.2776
902.7437
900.3168
969.0169
914.8572
865.3606
896.1683
962.946
930.8045
873.6185
908.7845
911.895
832.356
880.2439
917.8385
878.2776
918.7973
904.9075
904.2647
912.3557
904.4363
901.1991
908.8155
889.2435
886.0154
899.3049
872.2519
896.5381
888.2758
913.3274
853.2513
924.3972
952.4892
888.787
886.9819
909.1176
871.5993
913.8074
956.2197
865.3606
906.0423
904.3968
924.5647
909.8226
912.6357
929.1014
935.6208
872.0785
910.2392
878.4011
942.3333
901.8791
918.7973
839.9497
909.1176
871.3441
901.3484
824.8888
861.3639
899.6835
942.3333
897.8318
868.7709
935.1829
878.3281
908.8155
908.3195
874.6045
879.9615
896.1683
913.3274
899.2424
900.4903
898.3441
908.8155
908.8155
847.6475
858.1172
851.4537
914.3535
956.3211
857.2025
867.0298
899.3049
933.8746
943.4063
873.6185
870.1727
963.661
908.8155
912.0074
899.9381
928.408
847.4384
903.8122
903.8122
892.1238
889.2435
938.88
907.7854
890.6411
915.4297
914.2158
858.3939
866.9177
868.6404
899.8024
827.3999
831.0685
917.447
931.7723
915.1764
850.5939
893.217
918.2342
825.2946
858.3939
856.9312
881.5429
815.2658
960.3334
822.5586
899.844
898.6345
901.75
908.6241
872.2519
895.05
924.4578
891.9097
847.6475
961.9977
903.7109
907.573
927.8175
883.8705
945.4719
919.1663
879.3751
910.5227
847.6475
894.0029
833.5019
912.6357
909.8226
898.6345
933.218
931.4033
891.1937
853.3633
883.8705
871.5993
878.719
913.3274
892.2324
868.7807
904.4363
899.8024
815.2658
897.8318
900.2995
845.0334
873.2867
933.4349
859.1536
876.3554
899.844
930.8151
903.7109
914.6768
899.8024
904.1649
900.1728
873.5185
864.0773
930.8045
909.1176
872.0785
923.6332
887.979
919.8784
908.6241
872.0785
890.6411
893.7836
883.8124
824.8888
901.75
822.5638
910.5227
896.1683
843.241
871.3441
880.6042
910.5227
896.5381
912.0074
832.356
873.4648
896.2609
945.2649
880.6042
878.4011
935.1829
878.3281
929.4262
868.826
896.1683
852.195
915.0769
907.7854
952.4892
881.2675
876.3554
941.408
844.9532
930.8045
876.8399
841.9787
907.3676
906.3066
868.7807
875.5247
929.573
952.796
952.4892
916.7936
902.1805
899.8024
922.9764
867.5456
863.6175
880.346
827.2521
857.4518
956.3211
883.4563
870.0857
827.5573
917.6247
888.787
952.796
860.761
879.4403
900.0577
960.3334
891.1937
877.0094
922.9764
967.6875
950.9945
868.7709
932.9753
902.0464
860.3565
900.0577
900.9138
922.9764
860.9681
936.7456
881.3523
907.3866
877.2909
897.19
948.8475
827.2754
888.2758
853.8268
907.3866
924.5032
882.5818
886.7064
903.2494
872.9348
892.5703
850.7262
918.7973
860.2693
908.8155
930.7718
898.6345
900.4903
885.2994
903.8122
909.1176
937.8857
876.3548
811.1628
943.662
901.75
885.9912
850.5939
878.3281
891.1937
889.5078
915.076
843.6154
844.9532
878.2776
864.5454
857.4518
932.8245
917.8385
872.9348
895.8181
909.32
885.9912
834.0747
908.263
909.1176
888.834
905.6279
866.282
920.7912
884.8574
863.6175
913.3274
835.8353
931.7723
872.0397
899.3049
927.0046
868.0888
907.573
898.6345
895.05
943.4063
924.9645
964.8736
858.1172
876.8399
860.2693
871.3334
918.4326
912.4934
883.8396
892.9514
949.8995
891.1937
922.0777
829.3516
841.8765
927.0023
886.7064
930.8045
881.5429
870.0193
889.5078
922.0777
867.3787
936.4703
904.7583
892.1238
908.9659
859.1536
922.9764
878.5242
889.5078
895.931
887.979
934.4208
931.4033
898.3441
912.4593
922.0777
840.3927
934.8128
891.1937
890.8693
918.9033
938.88
944.7098
838.0472
921.0877
881.2675
879.3348
929.1014
873.6185
929.3305
920.3201
903.8122
906.8877
868.7709
916.4765
878.4011
929.4262
936.102
855.0432
868.9986
925.6006
943.1236
954.1895
901.9105
897.8916
903.8122
886.8919
880.6074
867.5456
896.5381
881.3523
933.218
893.2448
850.5939
864.8404
939.3914
952.796
941.7495
880.3455
846.2124
897.8318
863.6175
898.6345
969.3018
879.5131
902.1805
904.9075
875.3673
903.9929
908.7845
887.979
938.8278
888.787
846.8556
863.6175
950.9945
917.7263
888.8016
871.8271
922.7071
883.8396
867.3287
868.5083
912.4934
883.4793
918.2342
827.3999
918.2342
913.3274
918.4326
833.3855
934.4208
903.2494
892.1238
847.4384
922.4104
873.9008
862.7819
878.5242
892.9514
906.3066
948.0514
883.8396
820.577
901.1991
842.6017
875.5247
922.3912
930.8045
918.4326
877.0562
921.1547
864.8404
855.396
874.6045
879.4403
883.4966
858.5782
912.0341
884.2087
843.6154
913.3274
903.2494
850.6427
895.931
899.6835
850.0553
879.2465
906.3066
912.0341
903.2494
904.7583
861.3639
848.3338
890.4351
922.7071
841.8765
838.1647
876.3548
845.3945
886.8919
883.4563
896.2642
907.573
875.5247
882.4186
879.9033
924.4578
884.1289
921.3639
859.4073
888.787
894.5751
877.0562
908.9659
922.0777
913.3274
918.7973
900.4903
918.4326
866.9177
921.3639
918.518
883.8124
961.5902
888.8104
916.4765
904.6698
896.2609
931.4033
832.0046
941.408
955.7089
878.2776
910.28
875.2281
828.7146
912.6357
896.2642
864.2973
827.3999
874.9352
912.6357
896.2642
915.0123
891.588
915.0769
917.6247
952.8983
891.9989
884.2087
862.7819
937.8857
832.356
917.8385
909.42
892.0431
903.2494
899.6835
900.4903
876.8399
918.9033
907.2003
859.2549
906.3066
896.2609
900.2995
899.3049
927.0023
900.9251
909.1176
893.217
935.6483
958.4073
855.9659
859.7366
840.1138
896.1347
912.3557
916.4887
952.796
917.8385
846.9904
866.282
901.1991
900.9138
847.6235
843.6154
826.7316
943.1236
886.7064
883.4966
913.4023
934.4208
883.4966
907.7854
916.7936
902.1805
897.8318
849.106
888.8104
960.6966
907.3676
902.7437
881.3523
878.3281
963.4709
970.1226
880.346
929.4262
923.6429
876.3554
935.6966
825.2946
891.9989
881.9119
916.4887
898.3285
954.9575
868.7709
900.9138
850.382
912.0074
846.8556
867.3787
868.5967
886.9819
929.4262
875.2281
902.1805
901.75
929.3305
886.9865
915.5177
870.9621
912.4593
917.2278
969.0169
899.2424
912.4593
862.7819
870.2345
957.0623
870.9621
867.0298
883.4966
932.8332
933.7313
907.3866
873.6419
856.9312
912.6357
883.8124
883.8396
952.4892
938.8278
869.2701
917.7263
846.4742
894.0029
856.9312
946.307
876.5332
820.6588
936.2947
883.4966
900.9251
922.0809
933.7313
832.356
963.661
900.1728
960.1785
879.3348
917.8385
907.3676
870.088
945.6936
883.4966
878.5242
906.3066
886.0154
925.0534
894.0029
923.5808
912.0074
943.1236
883.4966
876.3548
900.4071
908.8155
894.5751
886.9865
841.966
876.8399
890.8693
930.8045
890.8693
910.5227
841.9787
844.9532
921.06
901.75
913.8074
919.1663
952.8983
916.7936
873.4648
917.7263
929.0459
885.2994
837.8305
867.5456
891.9097
926.8147
835.3191
933.2455
835.8257
884.2087
892.1238
926.0697
877.2909
897.19
859.2549
876.8399
834.1283
957.0623
878.6736
845.0334
882.6468
930.8045
890.8693
870.2345
956.3285
844.537
895.05
929.3305
878.2776
915.1764
899.6835
889.5078
956.2197
888.787
941.0767
866.9177
922.4104
922.0809
880.346
868.6404
895.931
909.8226
914.5753
847.4384
904.6698
904.6698
862.5519
873.4648
901.8791
824.9919
892.1238
880.6074
909.8226
883.4563
863.6175
881.5429
902.7437
894.0029
882.5818
925.6006
859.1536
924.1176
878.2776
881.9119
887.979
886.9819
904.9075
882.5818
887.0749
914.5753
844.7585
925.0534
880.6042
863.3818
838.9717
886.8919
906.5282
899.8024
827.0801
903.9929
867.6051
902.7437
909.1176
958.0499
877.0094
939.3914
917.6247
878.3281
873.6185
927.0023
918.4326
960.3334
912.6357
944.2195
850.6427
892.5703
900.1728
872.0955
908.7845
929.4262
866.9177
970.2855
878.3281
957.9488
907.3676
841.4759
903.9929
917.7263
926.8147
888.787
900.9251
913.3274
900.9251
890.4351
907.2003
941.7495
920.762
829.7286
883.8124
868.6404
888.2758
926.0697
941.2725
910.28
923.5808
886.1487
898.6345
892.9012
915.1764
908.7845
880.3455
891.588
942.989
929.1014
880.8442
903.9929
833.5019
956.3285
906.0423
924.5032
840.3927
868.6404
835.3191
880.346
894.814
903.2494
903.8122
903.9929
844.3944
847.5424
837.0564
931.7723
941.0767
917.447
918.2342
878.3281
873.2867
916.4765
872.2764
883.8124
841.9787
940.7704
857.796
882.6468
879.9033
865.0389
864.5454
843.5066
883.8124
892.0296
900.4071
901.75
886.9819
886.9819
883.8705
903.2494
911.895
860.761
900.4903
841.5342
850.382
910.5227
891.1937
948.8475
917.8385
885.9912
871.3441
933.4349
884.1289
908.8155
856.7432
918.4326
909.1176
909.32
915.0123
924.1176
923.6429
909.1176
891.1937
860.2693
846.8556
941.0767
878.5111
867.3787
903.8122
872.0955
888.787
839.7272
826.1956
885.4991
933.218
918.7973
957.6841
840.1138
903.8122
885.4991
876.9253
893.217
921.06
879.5131
825.0008
944.2195
930.8151
831.7205
906.0423
809.4194
902.1805
908.9659
848.3338
923.6429
908.7845
907.3676
924.1176
885.6347
844.7585
837.7119
871.3334
936.102
885.2994
863.3818
823.1117
893.2448
895.8181
884.1289
884.1289
870.1727
853.3526
870.0857
882.6468
935.1829
858.117
925.0534
933.8746
839.9497
916.4765
918.4326
833.6905
926.5695
901.8791
929.573
929.573
960.4817
900.4071
906.3066
911.4434
874.9352
910.5227
899.6835
861.3639
888.8016
893.7836
875.2802
901.4373
874.6045
923.6429
855.396
919.8784
929.573
886.7064
838.1647
908.7845
825.7294
892.5703
936.102
927.0023
906.8877
872.0397
886.0154
966.7737
947.7667
846.9904
901.75
895.8181
964.2862
835.4506
903.2494
904.7583
893.7836
924.5647
897.8916
868.7709
815.2658
950.92
846.0714
885.9912
875.2281
947.7667
900.4071
912.3557
875.0562
871.3441
883.8396
896.2642
901.75
891.588
871.5993
862.8857
841.5342
896.1347
912.0074
866.282
914.2158
932.9753
919.8784
901.1991
879.4403
960.3334
903.8122
904.7583
894.9489
831.4114
901.4373
883.4563
845.8986
886.0154
890.6411
929.4262
912.4934
909.1529
917.2278
900.4071
853.3526
882.6468
908.6241
891.1937
933.8746
907.7854
921.3639
875.3888
917.2278
914.0124
948.8475
875.2008
885.5207
884.2087
832.4738
872.0785
932.9753
878.6736
929.573
919.1663
886.0154
929.573
903.9929
875.5247
901.1991
900.9138
878.3281
897.8916
881.9119
942.3333
903.2494
876.3554
948.7702
841.5342
892.0431
936.2947
894.9489
894.0029
908.7845
907.7854
912.4593
912.0341
896.2642
908.6241
907.3866
868.7709
892.2324
870.1727
838.0472
880.2439
938.4198
897.19
911.9404
933.7313
937.1607
883.4563
873.5556
914.2158
963.3061
850.7262
883.8124
838.0472
912.4593
847.5891
857.4518
929.2863
915.1764
912.4934
875.2281
870.2345
878.0696
900.9251
904.2647
876.3548
929.3196
878.5111
934.4208
914.3326
844.9532
852.195
909.8226
908.7845
883.4563
935.6966
874.8192
915.0123
888.8016
855.8725
877.2909
922.0777
903.7109
829.3415
867.3787
912.6357
907.7854
907.7233
876.9782
917.6247
875.2281
871.3441
906.3066
904.4363
922.9764
922.4104
869.2701
904.4363
912.4593
900.1728
845.3945
929.1014
886.1487
879.3348
899.8024
892.1238
885.5207
860.9681
892.9514
881.2675
838.7714
934.4208
811.1628
921.06
937.8857
869.2701
901.1991
917.1968
871.5993
899.8024
919.8952
912.0074
924.1176
935.1829
897.8916
889.2435
885.2994
929.2863
935.6208
937.8857
900.9138
880.6042
876.5332
960.3334
873.5556
923.6429
899.4416
841.4759
873.6185
936.2947
873.6419
914.5753
840.1138
929.3305
825.7294
893.7836
878.3281
885.2994
825.0228
915.0123
852.195
921.06
838.0384
899.8024
934.4208
932.9753
901.1991
909.1176
920.762
868.826
936.9025
898.3441
900.4071
863.3818
929.4262
847.6475
894.5751
949.8995
867.3787
894.5751
876.8399
891.9097
921.1547
842.7161
880.3455
901.1991
883.8705
961.9732
837.665
871.3441
897.8318
837.7119
916.4887
879.9033
901.8791
897.19
900.4071
880.6042
859.2549
914.6768
863.6175
910.5227
839.8601
936.8077
889.5078
890.4351
868.7709
870.8306
906.8877
888.787
960.2953
855.396
815.2658
958.4073
901.694
900.2995
933.4349
912.0074
847.5424
893.217
885.2994
924.5032
900.4071
899.4416
917.447
919.8784
873.4648
886.1487
896.5381
896.5381
916.6216
912.6357
871.3334
901.4373
870.0857
863.3818
827.5573
900.4903
908.6241
841.8765
909.1176
841.3393
876.3554
949.8995
892.2324
910.28
868.0888
901.8791
878.2776
907.7854
903.7109
841.4002
907.7854
935.1829
961.9977
901.1991
878.005
932.8245
878.4011
906.8877
935.6208
957.6841
900.9251
883.4563
910.28
870.0193
886.0154
924.5032
883.8396
913.8074
835.4506
881.2675
876.3548
870.8306
855.396
899.6835
911.4434
868.7709
871.3441
853.1945
878.5111
909.42
927.0023
913.3274
886.1487
883.8124
918.518
883.4563
875.2008
863.6175
900.0577
867.3287
884.2087
912.0074
921.2576
893.7836
876.3548
909.42
932.8245
897.8916
950.9945
835.8257
922.7071
923.5808
859.1536
904.2647
916.4887
930.8045
915.0123
914.0124
904.7583
917.447
958.4073
847.4384
850.0553
895.8181
850.4476
918.7973
873.2867
879.3751
870.9621
945.2649
870.2345
907.7854
877.2909
926.5695
866.9177
837.7119
918.2342
891.588
924.5032
888.8939
894.9489
969.0169
868.7709
919.1663
890.4351
912.0074
934.4208
937.1607
894.5751
835.4506
841.966
861.3639
897.19
947.7667
886.7064
912.0074
872.0785
840.3927
878.6736
844.7585
887.979
832.356
857.796
882.5818
888.2758
873.6185
864.0773
897.8318
881.5429
864.8404
923.6429
926.0697
903.8122
878.5242
890.6411
894.5751
856.7432
917.6247
929.1014
900.4903
825.2946
886.0154
907.3866
859.1536
878.3281
907.3676
879.9033
884.1289
831.9649
917.8385
878.3281
878.5242
880.6042
892.1238
926.5955
906.3066
862.9006
964.2862
883.8705
906.0423
888.2758
935.6208
899.8024
872.0785
918.7973
954.9575
953.7502
905.1106
857.796
944.2195
886.9819
906.8877
882.6468
919.8784
888.8939
819.4816
886.1487
911.9404
907.7854
818.0694
868.5083
878.2776
864.0773
912.4593
900.9138
856.7432
949.8995
883.8124
864.8404
948.0514
973.7839
938.4198
886.8919
884.1289
901.75
886.1487
892.9012
890.8693
884.2087
883.8124
879.3348
907.3866
898.6345
864.0773
866.9177
908.9659
911.4434
910.5227
915.4297
906.0423
872.0785
900.1728
912.4593
935.1829
871.5993
874.9352
954.9575
881.3523
853.0026
862.5519
939.3914
914.0124
942.5209
909.1176
831.2362
884.1289
889.5078
904.7583
878.5242
835.7953
921.06
888.8939
901.75
921.3639
842.6017
912.0074
917.447
908.7845
917.6247
901.75
867.3787
918.2342
892.5703
901.1991
926.5695
858.1172
887.0749
930.8045
835.0399
885.5207
921.3639
909.1176
873.6419
878.4011
935.6483
828.2467
941.2725
823.1238
876.3554
922.9764
856.7432
827.5573
927.0023
872.9348
931.4033
834.3823
871.8271
890.6411
914.0124
888.834
870.2345
875.0562
927.0023
887.0749
837.8305
884.1289
885.2994
939.3914
918.2342
921.3639
908.263
894.9489
886.0154
924.5032
914.6768
879.3348
844.7585
871.3334
897.8916
838.1647
879.9615
871.3334
941.408
856.7432
903.7109
859.4073
895.05
891.588
870.2345
886.7064
896.2609
901.8791
871.3334
918.9033
914.6768
963.3061
946.307
851.4537
879.9033
850.0553
879.9033
949.8995
890.6411
917.8385
830.5154
930.8045
898.6345
874.2608
889.5078
917.447
892.0431
896.2642
897.8318
881.5429
855.7912
889.5078
877.2909
906.8877
875.129
815.2658
886.8919
912.0074
927.7917
827.5573
875.0562
872.2764
890.4351
834.1283
923.6332
875.3673
902.0464
875.0562
906.3066
883.4563
823.0752
857.5614
949.0843
847.1799
894.0029
888.787
927.0023
841.966
871.8271
883.8396
876.8399
908.9659
826.7316
876.9253
922.7071
835.4506
915.0769
890.4351
861.3639
943.1236
890.6411
900.4903
913.4023
891.1937
864.1073
893.2448
878.005
935.6208
843.5066
933.7313
831.7491
873.5556
886.1487
900.1728
875.0562
930.8151
861.2828
888.8104
841.7859
827.5573
894.5751
850.0553
933.218
912.4934
870.8306
945.4719
868.9986
870.9304
841.5342
877.2909
902.7437
916.6216
883.8396
883.8124
892.0296
920.762
931.4033
929.4262
900.9138
918.7973
851.1487
856.9312
911.4434
913.8074
912.0074
878.4011
840.3927
945.6936
913.4023
843.4277
899.8024
932.6294
880.6074
868.7709
920.3201
882.6468
936.8077
893.2448
888.2758
890.8693
935.5946
868.826
864.1073
832.3327
911.9404
864.391
833.888
881.5429
866.9177
870.0857
924.4578
889.9257
888.3686
870.6637
876.5332
907.7854
897.8916
890.6411
934.4208
907.573
957.6841
892.5703
873.2867
862.7819
917.8385
879.4403
873.5185
869.2809
949.8995
956.2197
815.2658
885.5207
899.844
891.1937
937.8857
893.7836
896.1347
873.2867
822.5638
840.3927
885.6347
889.7426
894.814
847.1799
831.2253
888.8016
907.3866
888.2758
883.8124
870.2345
887.979
932.7082
866.6037
819.4816
832.0753
912.0074
917.2278
843.5142
935.6208
924.5032
864.0773
950.92
902.2633
936.2947
881.3523
917.8385
923.6429
886.8919
858.3453
904.2647
932.9753
917.8385
934.4208
912.4934
899.8024
890.4351
893.2448
910.5227
899.8024
896.5381
913.8074
896.1347
868.7709
908.8155
946.307
882.5818
909.1176
873.5556
873.9008
899.8024
893.2448
930.8045
888.834
838.0472
911.4434
896.5381
863.3818
873.5185
918.2342
862.8051
919.8784
917.447
925.816
913.4023
873.5185
853.8268
898.3285
873.0321
928.408
845.0334
878.2776
900.4071
967.4368
873.2867
900.1728
886.7064
900.9251
847.6235
838.1647
950.92
849.8459
931.4033
886.7064
897.8318
909.1176
868.826
840.1423
876.3548
886.7064
897.8916
891.1937
872.2764
856.9312
959.4996
947.7667
868.6404
889.5078
908.7845
912.4934
895.05
889.5078
901.75
898.6345
873.6185
887.979
894.0029
844.537
839.1138
868.5083
819.4816
870.0193
866.282
900.9138
923.6429
882.6468
889.5078
878.3281
840.0543
912.0341
908.9659
850.0553
935.1829
883.8124
870.4719
871.1319
877.0562
917.6247
875.2281
909.1176
882.6468
873.2867
866.282
903.9929
875.3888
874.9352
898.6345
891.1937
884.8574
911.4434
921.1547
922.0777
860.2693
957.0623
898.6345
917.6247
906.5282
892.0431
888.2758
950.92
872.0785
917.2278
896.1683
844.3944
873.6185
858.3939
843.6154
941.7495
923.6429
886.8919
922.0777
900.0577
897.19
897.19
886.0154
952.4892
938.88
907.573
858.1172
924.5032
850.382
900.9138
895.931
901.9105
873.5556
847.1799
912.4593
943.1236
840.9443
920.3201
892.5703
914.3326
943.1236
922.7071
837.7119
940.0115
885.5207
853.0026
888.2758
865.0389
915.0769
899.844
840.0543
892.9514
929.573
845.3945
870.9621
939.7307
885.2994
827.5573
873.5185
878.5111
933.8746
860.2693
946.307
885.9912
841.966
885.9912
908.8155
823.1117
893.217
870.1727
923.6429
946.2246
907.3866
922.0777
963.4709
896.1683
925.0534
881.5429
938.8278
912.4593
925.0534
872.0785
879.3751
953.7627
858.1172
894.0029
915.0769
888.8016
885.2994
859.1536
831.2362
888.8939
880.6042
878.5242
834.3823
893.2448
880.346
883.8705
933.8746
822.9907
961.5678
895.931
889.7426
927.0023
904.7583
900.1728
896.2609
875.2008
898.6345
880.6042
889.5078
952.8983
879.9615
835.8102
947.7667
822.5638
901.1991
949.8995
849.106
829.6771
881.2675
850.382
885.9912
900.9251
894.0029
875.0562
831.4114
876.3554
835.8102
841.1986
848.5762
897.19
883.8705
898.3285
890.4351
832.8004
898.3441
891.9989
915.4297
900.1728
900.4903
873.6185
883.8396
944.7098
834.24
918.4326
873.0321
908.7845
848.3338
883.4966
893.217
912.6357
892.1238
910.5227
901.75
919.8952
827.5573
936.102
868.6404
841.966
907.2003
950.92
901.3484
846.9904
915.0123
895.05
870.6637
863.6175
898.3285
878.005
902.7437
921.3639
868.826
918.6447
909.42
922.7071
889.7426
878.0696
936.7456
938.4198
888.834
864.391
904.7583
895.05
872.2764
900.0577
844.7585
918.4326
904.6698
917.6247
973.7839
848.5181
870.2345
917.1968
923.6429
929.0459
918.4326
893.7836
896.1347
883.8396
913.9184
827.2754
958.4073
914.6768
871.3334
879.4403
933.8089
935.6483
897.8916
888.8016
899.8024
838.0472
897.8318
880.346
949.8995
916.4887
927.0023
868.6404
902.7437
866.6037
879.3348
901.4373
828.7146
833.8312
909.1176
866.1968
888.787
938.8278
933.4349
909.1176
871.3334
879.3751
932.9753
870.8306
900.4071
879.2465
918.4326
918.9033
933.8746
897.8318
895.931
933.218
872.9348
874.8192
847.1799
867.6051
907.3866
903.8122
903.2494
890.8693
933.8746
819.4816
886.0154
937.8857
903.8122
937.8857
896.2609
859.2549
875.2386
898.3441
931.4033
848.5276
929.573
913.3274
851.1487
922.0777
873.6419
912.4934
900.4071
937.8857
950.6097
865.0389
811.1628
914.6768
896.2642
878.4011
867.3287
918.518
870.0857
916.7936
894.9489
941.0767
924.9046
879.9033
942.5209
894.814
858.3939
892.5703
857.5614
928.0298
912.4593
910.5227
933.8089
864.1073
888.834
875.2386
953.7502
962.946
832.356
834.24
895.8181
971.9451
912.4593
948.0514
838.0472
958.4073
964.2862
917.2278
886.8919
887.979
875.5247
855.0432
848.5181
884.2087
909.1176
906.8877
872.2519
889.7426
880.8442
931.4033
924.3972
917.8385
897.19
885.4991
861.3639
879.3348
923.6429
878.3281
885.4991
893.7836
844.1206
886.7064
881.2675
943.1236
912.4593
968.7789
899.8024
844.3944
833.5019
859.1536
899.6835
952.4892
927.0023
935.6208
929.4262
896.1683
893.217
881.2675
957.9488
875.2281
853.0026
922.0777
896.5381
897.19
912.4934
874.6045
896.5381
907.3866
881.3523
843.5066
881.9119
870.0193
893.7836
914.5753
858.3939
919.1663
859.7366
868.6404
912.6049
846.8556
951.9985
930.8789
898.6345
868.0888
875.129
921.1547
894.0029
827.5573
952.1404
891.1937
864.8404
884.8574
960.6966
904.4363
878.4011
909.32
918.2342
902.1805
918.4326
864.476
892.9514
893.7836
878.5111
827.5573
889.2435
921.1547
916.4887
917.7263
876.9782
827.2754
906.0423
896.2642
924.4578
834.1283
949.0843
841.1986
927.0023
869.2701
880.2439
896.1683
829.3415
885.5207
862.895
906.1583
892.9514
844.537
856.9312
888.834
846.2124
935.6966
919.8784
917.7263
870.9621
926.0697
878.3281
899.2424
881.3523
921.2576
892.3254
907.7854
875.5247
924.3972
906.3066
884.1289
860.9681
883.8396
942.5209
835.4506
873.5556
873.6185
957.9488
847.5424
901.4373
839.9497
886.8919
903.8122
868.9986
922.0809
930.8045
883.4966
910.5227
865.3606
964.8736
847.6235
902.7437
883.4793
922.0777
820.6909
848.9008
912.4934
856.7432
900.4903
907.7854
903.7109
897.8916
867.6051
872.2764
884.2087
937.8857
908.3195
870.1727
898.6345
899.3049
835.8257
943.4063
885.2994
823.0752
850.7262
921.3639
861.3639
881.2675
891.1937
921.1547
896.1347
935.6208
922.0777
860.2693
876.3554
964.2862
859.1536
892.9514
913.8074
922.0777
871.1319
861.3639
933.8089
815.2658
828.7146
861.3639
855.7862
895.05
922.0777
891.1937
906.5282
860.2693
897.19
916.4887
882.5818
907.3866
900.9251
899.3049
880.6074
883.4563
959.638
883.8124
891.1937
884.1289
880.8442
909.1176
886.7064
922.7071
895.8181
930.8045
938.8278
867.3787
865.0389
912.0074
856.9312
938.8278
960.1785
844.7585
845.3945
838.0472
943.1236
894.5751
899.8024
917.6247
874.2608
963.4709
888.3686
888.834
881.2675
901.75
880.6042
935.6966
964.2862
893.7836
840.0543
886.7064
855.396
891.588
886.7064
915.0123
961.5902
926.0138
843.241
921.0877
879.4403
898.3441
903.9929
907.3866
825.0008
933.8746
908.6241
823.0501
930.8045
892.1238
963.4709
873.6185
920.762
897.8916
877.0562
941.408
973.7839
903.9929
847.6235
893.7836
924.5032
893.7836
870.2345
891.1937
897.19
823.1117
909.1176
893.2448
950.92
946.307
849.106
897.8318
894.814
931.4033
927.0023
887.979
870.088
884.1289
873.2867
886.7616
936.7456
900.4903
935.6208
879.9033
882.6468
860.2693
896.5381
888.787
894.9489
870.2345
907.2003
896.1347
906.3066
888.787
929.573
917.8385
885.5207
935.1829
941.7495
896.5381
881.5429
908.7845
878.719
930.7718
938.8278
879.9033
900.2995
880.346
847.6475
883.8705
843.6154
900.4071
895.8181
875.3673
866.1968
898.6345
921.3639
971.4323
881.3523
876.9253
841.1986
971.4323
945.2649
908.263
913.3274
930.8045
891.1937
873.5185
943.1236
908.6241
909.1176
911.9404
918.4326
867.3787
874.2608
904.4363
908.7845
886.8919
922.9764
890.8693
866.6037
868.6404
922.0777
971.9451
834.24
956.2197
907.7854
866.282
866.1968
924.4578
847.1799
860.2693
914.3326
841.5342
892.1238
866.282
906.3066
872.9348
844.3944
901.75
875.2802
882.6468
873.6185
913.8074
881.9119
907.7854
896.5381
909.42
847.4384
932.7082
874.9352
906.0423
897.19
910.28
886.7064
907.3676
847.4384
845.0334
846.4742
936.4703
895.931
897.19
871.3334
857.4518
912.4593
956.3285
941.408
900.9138
919.8784
941.408
921.2576
919.1663
844.1206
870.0857
900.2995
881.3523
872.2764
866.2764
907.3866
843.5066
873.6185
936.102
952.796
916.6216
889.2745
893.217
890.6411
914.6768
927.0023
841.1986
904.7583
880.2439
909.32
880.8442
891.1937
871.3334
873.7359
886.7616
956.3211
858.1172
882.5818
862.7819
853.0026
830.5159
908.7845
841.7859
868.7807
885.5207
904.6698
895.931
961.1352
834.24
923.6429
876.9253
866.9177
911.4434
888.787
934.4208
891.9989
883.8396
866.2764
912.3557
867.3787
827.2754
898.6345
892.0296
885.4991
845.0334
873.2867
933.8746
920.7289
893.7836
847.6235
883.8124
899.3049
870.0193
933.8089
904.4363
923.5808
950.6097
879.2465
871.3441
877.6651
878.5242
904.4363
863.6175
941.2725
890.6411
856.9312
879.9033
875.0562
899.844
876.3548
864.8404
912.4934
890.6411
927.0023
888.787
899.6835
914.6768
818.0694
933.7313
835.0399
837.9653
868.6404
935.6966
907.4114
876.5332
933.8746
907.7854
948.8475
941.408
892.1238
906.0423
871.3334
917.2278
847.5891
883.4563
873.6185
879.9033
876.5332
928.7516
899.8024
875.129
850.6427
915.4297
894.9489
879.9033
903.8122
912.4593
845.2333
863.3818
889.5078
870.0857
958.4073
870.0193
893.7836
922.0777
891.1937
893.2448
874.9352
873.6185
918.4326
940.0115
909.1176
927.0046
872.9348
864.391
915.0769
906.3066
880.6074
846.8556
907.3676
900.4071
871.3441
877.0562
888.8939
876.5332
871.1319
938.8278
909.8226
914.0124
870.1727
901.75
907.3866
935.6483
970.1226
925.3397
933.8089
963.661
901.3484
934.4208
880.346
849.8459
899.8024
909.1176
866.9177
851.1487
900.9138
886.9819
893.7836
914.6768
895.05
847.5424
923.6429
843.4277
846.9904
936.4703
879.4403
922.7071
908.8155
884.1289
865.1337
881.3523
929.3305
870.2345
847.5891
844.537
890.4351
935.6208
889.5078
871.5993
924.9046
885.9912
943.4063
899.6835
846.0714
950.92
896.5381
904.4363
868.6404
815.2658
924.5032
958.0499
901.1991
896.2642
850.6836
845.8186
916.4887
867.5456
907.7233
861.3639
914.0124
921.1547
874.9352
938.8278
882.6468
876.8399
911.4434
874.6045
908.9659
879.5131
888.834
941.2725
837.1246
918.4326
828.8096
886.8919
880.6042
883.8705
915.0769
885.2994
913.8074
881.2675
912.6357
943.4063
894.9489
911.895
891.9989
879.4403
918.518
877.2909
867.3787
833.6905
929.1014
920.3201
946.6477
924.3972
839.5381
904.2647
904.7583
870.8306
878.2776
957.6841
921.5377
841.9787
939.69
909.42
906.5282
904.4363
900.9251
871.3334
870.6637
918.4326
867.7415
936.2947
909.8226
884.2087
922.7071
894.5751
892.9514
910.5227
881.2675
892.2324
885.6347
850.6836
918.9033
930.8045
858.1172
912.4593
878.2776
871.5993
900.2995
873.2867
886.9865
875.5247
950.7591
957.6841
882.4186
841.8103
851.0732
859.2549
853.1945
896.2609
918.7973
900.9251
884.2087
843.6154
876.3554
903.8122
916.4887
918.2342
893.217
886.1487
906.3066
921.06
900.4071
878.3281
894.0029
929.3305
886.7064
920.3201
832.356
860.9681
870.2345
841.8765
929.4262
895.05
894.814
903.7109
880.2439
900.9251
899.6835
900.4903
921.3639
874.9352
960.1785
893.7836
896.1347
900.0577
904.9075
872.2764
859.2549
881.9119
950.6307
902.0464
907.7854
945.6936
865.3606
908.9659
903.7109
856.9312
929.573
873.6185
841.966
875.129
818.0694
875.5247
900.9251
878.2776
933.7313
855.396
938.8278
833.8312
937.1607
917.447
927.0023
960.3334
879.4403
900.9251
873.9008
815.2658
885.6347
867.3787
912.4593
843.5142
898.3441
867.0298
896.1347
926.8147
909.1176
900.9138
915.0769
864.0773
886.7064
896.1683
910.28
870.9304
907.7854
935.1829
903.7109
866.9177
900.9138
888.8016
879.3751
871.8271
885.6347
910.28
840.3725
942.989
903.9929
972.7813
889.9257
878.3281
893.7836
949.8995
914.0124
876.8399
866.6037
840.3927
959.8081
915.0123
909.42
864.8404
924.5647
935.1829
914.6768
918.518
901.8791
857.4518
876.5332
912.3557
847.1799
894.814
949.8995
921.3639
884.2087
891.9097
856.7432
954.1211
932.6853
864.0773
932.8332
902.7437
871.3441
897.19
907.3676
945.2649
889.7426
827.1804
941.408
900.9138
900.4071
958.4073
870.9621
921.0877
896.1683
914.0124
923.6429
903.7109
903.9929
946.7423
899.8024
900.2995
873.4648
839.8601
897.8318
908.7845
920.7289
881.5429
881.3523
960.1785
877.0562
901.1991
875.4221
860.9681
898.6345
841.2267
848.5181
887.979
973.7839
855.8725
846.2124
912.4593
868.6404
881.2675
871.5993
895.8181
865.1337
841.1986
879.5131
935.6208
841.5342
886.7064
870.9621
949.8995
877.6651
883.4966
927.0046
883.8396
909.1176
893.217
887.979
906.0423
912.0341
873.2867
928.408
909.1176
912.0074
868.3757
884.8574
907.7854
886.8919
922.9764
885.5207
934.4208
858.3453
924.4578
961.5678
843.5142
899.3049
912.4593
838.9717
867.3287
946.2246
893.7836
946.917
907.4114
897.19
896.1347
835.7953
908.7845
866.1968
900.4903
916.7936
903.2494
844.1206
952.796
917.447
858.1172
888.787
873.2867
888.8939
835.4506
883.8396
885.6347
870.8306
908.8155
907.573
898.6345
911.9404
868.6404
922.9764
853.3633
828.9742
941.0767
940.0115
963.3061
853.0026
961.5678
886.0154
914.5753
891.1937
888.2758
957.0623
844.7585
906.3066
874.9352
885.6347
922.9764
899.8024
867.7415
883.4966
875.5247
888.787
873.0321
870.2345
892.9012
883.4793
851.1487
904.4363
904.7583
879.5131
896.1347
888.8016
963.3061
957.0623
920.762
868.826
908.9659
893.2448
886.7064
915.0123
952.8983
934.4208
859.1536
858.1172
873.6185
827.3999
897.19
912.4934
873.6185
878.6736
882.5818
832.4738
847.5891
906.3066
945.2649
904.2647
887.979
886.8919
841.7859
870.2345
922.7071
904.7583
888.2758
933.2455
851.5851
839.9731
892.9514
917.447
901.9105
890.4351
878.5242
841.7859
872.0955
919.8784
919.8784
912.0074
907.573
893.7836
866.282
904.2647
880.6042
904.4363
868.7807
938.4198
847.5891
898.3441
835.3191
916.4887
851.1487
897.8916
883.8396
901.3484
952.4892
917.447
924.5032
870.1727
923.6429
890.4351
835.4506
923.6429
827.5573
875.0562
967.4368
918.9033
865.1337
916.4765
924.9046
888.787
910.5227
936.4703
899.3049
922.7071
858.3453
938.4198
841.8103
946.917
906.5282
913.8074
889.5078
897.19
879.9033
898.6345
944.2195
885.5207
873.6185
875.0562
952.796
922.0777
864.1073
893.7836
882.6468
828.8096
846.8556
876.5332
824.8888
876.5332
908.8155
933.8746
912.0341
907.3866
847.6235
860.9681
904.3968
833.1219
839.5381
904.7583
930.7718
918.2342
835.8102
876.5332
896.5381
886.1487
913.8074
924.5032
858.1172
936.8077
924.3972
950.6097
885.2994
906.0423
918.9033
898.3285
891.1937
874.2608
844.7585
888.8016
866.9177
914.8572
923.5808
878.3281
839.7272
967.0551
903.2494
856.7432
924.5032
883.8396
829.3415
858.3453
855.396
879.3348
906.3066
867.6051
900.1728
840.0543
921.0877
873.6419
869.2809
866.282
846.4742
875.0562
835.0399
912.0074
879.3348
909.8226
871.3441
888.834
909.1176
908.9659
848.5181
850.382
900.1728
876.9782
917.8385
897.8318
870.9621
892.0431
886.7064
917.7263
835.7953
900.4071
834.2276
915.4297
929.573
884.1289
829.8074
885.9912
831.6896
909.8226
918.9033
903.2494
895.931
908.6241
855.9659
871.3334
955.7089
894.814
889.2435
815.2658
897.8916
847.4384
903.8122
880.6074
946.307
916.4887
837.1246
915.076
914.6768
893.2448
914.0124
920.7289
930.8045
921.06
886.9865
900.0577
865.3606
937.1607
894.814
841.8765
886.9865
950.92
897.19
912.0074
900.1728
842.7024
864.0773
841.8103
898.6345
900.4071
892.2324
847.5424
901.1991
875.2802
855.396
860.3565
966.7737
917.6247
928.408
929.1014
874.8192
873.5185
905.6782
927.0023
877.0562
829.3415
903.9929
913.3274
923.6429
886.7064
867.3287
909.1176
860.1398
874.8192
886.9819
943.1236
900.4903
906.3066
901.75
900.9251
909.1176
873.6185
850.6836
874.6045
930.8045
944.2195
841.3393
949.8995
861.0417
924.9046
907.3866
840.9443
901.4373
897.8916
929.4262
840.0543
921.3639
957.6841
901.8791
855.9659
845.0334
918.9033
860.2693
841.8765
907.573
942.3333
849.106
840.0543
869.2701
900.9251
883.8705
950.9945
872.2764
892.1238
892.9012
896.1347
868.5083
835.7953
880.8442
867.3287
868.5967
882.6468
890.4351
897.19
956.3211
866.9177
868.9986
892.5703
846.9904
845.0334
942.989
914.5753
893.217
906.0423
917.6247
924.5032
878.4011
873.2867
938.8278
906.3066
895.8181
933.8089
907.3866
884.8574
888.8016
853.3633
922.9764
829.3415
909.32
891.1937
841.7859
879.9033
897.19
876.9253
958.6898
869.2701
946.307
876.3554
879.4403
909.42
936.2947
888.8939
892.5703
877.2909
903.2494
893.7836
922.3912
881.2675
883.8705
888.787
889.5078
878.0696
935.6483
972.7813
891.9097
896.1347
935.6208
882.5818
914.2158
856.7432
913.8074
867.0298
831.4114
886.7064
874.6045
891.588
895.931
912.6357
873.6419
907.3866
878.3281
900.1728
943.1236
844.537
883.8124
851.4537
926.5695
925.816
846.8556
835.0399
926.8147
930.4241
842.7161
897.19
850.6836
874.9352
844.7585
883.4966
900.9251
861.3639
888.3686
879.9615
838.0472
841.4002
906.3066
902.7437
847.5891
861.0417
918.518
912.4934
863.6175
906.3066
948.8475
883.4793
894.9489
833.1219
848.5762
909.1176
816.9615
929.573
932.9753
949.0843
857.5614
886.9819
896.1683
909.32
912.4593
929.573
934.8925
947.8106
897.8916
850.6427
841.966
871.8271
867.3287
835.8257
935.6966
876.5332
902.1805
838.0472
873.5185
902.7437
860.9681
820.9438
893.7836
847.6235
917.8779
895.8181
894.814
873.6185
867.3787
855.396
872.411
875.5247
907.3676
886.7064
863.6175
931.1298
892.0431
959.8081
943.1236
876.9253
897.19
876.5332
902.7437
865.3606
896.5381
901.4373
879.3348
898.6345
912.3557
878.6736
935.6483
932.6294
850.6427
875.2281
932.7082
876.9253
893.217
871.3441
903.8122
843.5066
870.4719
912.4593
857.4518
894.0029
892.0431
888.8016
932.8245
861.3639
933.8746
924.3972
859.4073
895.931
875.0562
866.2764
900.4903
878.2776
896.2642
886.0154
863.4158
867.3787
891.9097
908.6241
932.8245
933.8746
908.8155
877.0094
901.8791
950.7591
870.0193
882.6468
922.9764
895.8181
893.217
969.3018
926.5955
874.2608
907.573
883.4793
844.3944
907.7854
957.8484
906.8877
898.3441
904.4363
879.9033
856.7432
894.0029
815.2658
861.3639
901.4373
924.9046
903.8122
908.7845
952.4892
878.2776
834.3823
870.6637
875.0562
922.7071
934.4208
927.0023
832.0046
841.966
921.2576
809.4194
918.518
907.3676
848.5181
831.2362
896.5381
881.2675
921.5377
867.3287
871.1319
900.9251
896.5381
913.8074
913.3274
839.1138
878.6736
929.0702
848.3338
904.3968
918.7973
930.4241
829.7286
871.5993
878.3281
914.6768
929.4262
896.1347
870.9621
906.0423
870.2345
941.0767
913.8074
885.2994
961.5902
929.3305
903.7109
950.6097
825.0228
875.5247
886.8919
886.0154
908.3195
866.282
847.5984
901.1991
845.8986
957.6841
885.9912
883.4563
835.8257
901.1991
891.1937
843.5142
875.5247
883.8124
930.8151
882.5818
946.917
901.4373
888.834
883.4966
906.8877
950.9945
895.931
889.7426
848.5276
841.7859
963.3061
829.8074
965.1295
897.8916
927.0023
844.1206
884.1289
875.2281
963.661
965.9429
895.931
931.1298
841.7859
859.2549
822.5638
908.8155
898.3285
879.4403
903.9929
913.8074
913.3274
892.5703
905.1106
871.3334
904.9075
819.4816
886.1487
879.3751
873.2867
929.0459
847.1799
886.0154
957.9488
882.5818
908.6241
899.3049
881.2675
889.5078
921.06
875.2008
883.4966
950.7591
873.6185
918.9033
863.6175
971.9451
941.408
912.6357
933.4349
895.05
874.6045
888.787
933.8746
880.346
834.2337
886.7064
902.7437
904.6698
874.9352
918.4326
894.0029
888.2758
889.9257
848.5276
893.217
924.4578
924.5032
833.5019
883.8124
884.8574
888.8016
838.1647
885.6347
915.0123
961.5678
917.2278
919.8952
917.6247
864.1073
885.9912
874.9352
917.2278
883.4563
919.8952
903.7109
872.0397
852.195
884.1289
906.8877
892.9514
910.2392
881.9119
867.3787
844.7585
941.408
921.0877
904.6698
850.6427
966.7737
878.5242
870.1727
937.8857
858.1172
912.4593
878.6736
889.5078
904.7583
881.2675
942.989
900.3168
876.9782
938.8278
908.6241
883.4966
912.0074
917.6247
922.0777
906.0423
883.4966
934.8128
868.826
907.7854
917.447
846.8556
825.7294
871.3334
917.8385
922.0777
914.5753
893.217
882.5818
872.0955
876.9253
858.117
914.5753
895.05
900.9251
892.9514
870.4719
818.546
923.6429
871.8271
831.4114
859.7366
887.979
907.7854
886.7064
832.8004
859.2549
827.3999
943.1236
864.8404
883.8705
866.9177
835.4506
870.8306
905.1106
873.5185
879.3348
898.3285
945.4719
871.3334
888.8939
950.6097
864.1073
846.8556
912.4593
929.1014
832.8004
918.4326
893.7836
896.1347
895.8181
950.9945
897.19
839.9497
843.6154
844.3944
864.8404
881.2675
924.9046
918.518
900.7165
921.1547
875.2008
842.6017
917.8779
899.8024
893.2448
908.8155
948.9003
913.9184
924.4578
850.382
912.4593
875.5247
918.7973
932.8332
946.307
918.7973
873.6185
838.0472
946.7423
918.2342
857.4518
897.19
927.0023
915.0769
874.2608
967.0551
904.4363
900.9138
915.0769
893.217
959.638
850.6836
881.5429
927.0046
928.408
846.8556
846.9904
872.0785
864.8404
862.8857
913.3274
909.8226
853.8268
913.4023
936.8077
896.1347
910.3981
967.4368
902.7437
871.3441
877.2909
908.9659
879.3751
907.3676
835.3191
847.1799
829.6771
904.6698
868.826
889.5078
885.6347
884.2087
888.787
903.2494
924.4578
883.8396
906.3066
896.2642
828.7146
871.1319
892.5703
878.5242
888.787
924.3972
888.8016
925.3397
932.8245
936.4703
866.2764
886.7064
918.2342
886.9865
917.8385
863.6175
937.1607
904.6698
922.9764
918.2342
870.4719
899.8024
833.9875
868.7709
876.3548
885.6347
880.6074
934.4208
846.9904
965.1295
882.6468
942.3333
927.0023
822.5638
873.2867
912.4593
931.4033
809.4194
941.408
950.7591
901.4373
945.2649
864.0773
933.7313
906.5282
892.9514
886.8919
824.8888
918.4326
889.7426
875.129
875.5247
931.4033
882.6468
880.8442
907.2003
903.9929
886.8919
833.9875
883.8396
847.1799
880.6074
907.4114
878.5242
935.6966
902.7437
917.6247
923.6429
897.8318
876.3554
861.3639
943.4063
849.8459
903.2494
841.3393
938.8278
896.5381
857.4518
847.5891
924.5032
870.4719
904.1649
883.4966
840.9443
879.3348
916.4765
879.3348
965.1295
864.0773
900.9251
833.888
952.4892
879.3348
897.19
950.92
906.3066
888.787
941.2725
904.4363
929.1014
892.9514
886.7064
859.1536
969.3018
941.0767
866.2764
968.7789
907.4114
880.6042
834.24
863.4158
860.9681
901.1991
831.7491
898.3441
922.0777
913.8074
841.4002
889.5078
916.4765
948.7702
918.4326
919.8952
863.6175
922.0777
847.6235
951.8309
922.3912
888.8016
847.6475
920.762
904.7583
884.1289
875.129
860.2693
835.8353
908.9659
908.1907
899.6835
871.3334
862.8857
866.9177
933.218
897.8916
857.796
915.0123
886.8919
924.8752
907.3676
965.1295
913.4023
879.4403
900.9138
880.346
841.7859
933.8746
890.8693
924.3972
903.2494
915.4297
922.0777
868.6404
870.9304
857.2025
871.8271
883.4793
902.7437
873.6185
883.4966
900.2995
927.0023
890.4351
889.7426
931.7723
889.7426
903.9929
874.9352
876.3548
917.6247
864.391
850.4476
841.4002
908.9659
831.2362
853.3526
872.0785
946.307
853.0026
866.9177
865.3606
892.0296
885.5207
887.979
840.1331
892.9012
859.4073
913.4023
935.6966
887.0749
862.9006
897.8916
871.3441
909.1176
840.1138
897.19
898.3441
899.844
839.7272
943.662
918.7973
919.0148
907.573
917.1968
929.4262
838.7714
924.9046
938.88
916.7936
897.19
880.8442
822.9907
873.5185
950.92
907.7854
840.0543
958.4073
864.0773
910.28
875.5247
901.75
875.0562
880.6042
891.1937
922.0777
858.3453
904.7583
906.8877
904.7583
912.4934
904.7583
963.3061
870.9621
899.844
935.6483
837.506
878.2776
896.5381
881.5429
899.6835
908.6241
894.814
897.19
942.3333
903.9929
922.7071
847.6235
835.3191
907.573
934.4208
895.931
918.2342
908.9659
900.3168
889.7426
900.4071
933.8746
940.7704
889.5078
957.0623
830.5154
930.7718
870.8306
870.0193
888.8104
901.8791
918.7973
873.6185
954.1895
858.117
864.0773
838.1647
903.9929
873.6419
917.7263
900.4071
956.2197
860.2693
924.5032
923.5808
960.6966
917.2278
908.7845
863.3818
911.895
929.4262
892.1238
924.3972
840.1331
954.1895
820.816
925.6006
895.05
875.0562
835.8102
881.5429
968.7789
926.0697
914.0124
904.3968
875.2386
885.9912
885.4991
927.0023
883.8396
963.3061
892.1238
900.9138
874.2608
948.9003
857.796
883.8705
900.4903
845.0334
843.5142
911.9404
918.7973
885.2994
916.7936
950.92
843.5066
921.0032
914.3535
916.4765
886.8919
896.2642
878.2776
834.24
872.0955
923.6429
870.2345
894.0029
881.3523
901.1991
858.3453
892.2324
907.3866
914.5753
906.0423
869.2809
875.0562
909.114
908.7845
900.0577
886.8919
833.1219
914.2158
956.2197
948.0514
882.4186
902.1805
872.9348
896.5381
866.282
885.4991
827.5573
929.4262
876.3548
878.3281
870.2345
893.2448
914.3326
879.3348
912.4593
853.0026
901.75
866.9177
910.5523
898.3285
878.2776
841.7859
879.3348
847.1744
822.5638
883.8396
848.5181
863.6175
828.6358
886.1487
837.506
931.9995
938.8278
891.9989
893.7836
908.6241
947.7667
872.0785
912.3557
942.5209
932.8245
883.8705
881.9119
883.8705
858.3453
878.6736
927.0023
818.546
859.4073
929.4262
908.9659
900.1728
902.1805
851.4537
873.6185
886.8919
908.8155
952.4892
896.2642
870.0857
952.4892
865.3606
897.19
888.2758
953.7627
907.573
895.8181
899.2903
838.0472
916.4765
858.3939
871.3441
880.346
897.8916
952.796
858.3453
844.3944
913.3274
917.7263
877.0094
903.9929
885.2994
908.8155
929.3196
943.4063
903.2494
915.4297
961.5678
910.5227
876.3554
903.9929
898.6345
840.3927
878.4011
881.9119
952.8983
921.0877
918.2342
886.1487
876.3554
941.2725
883.8705
918.9033
891.588
907.3866
912.4593
910.5523
893.217
847.5891
896.1347
870.6637
923.5808
936.2947
879.4403
894.0029
876.3548
894.814
856.9312
906.8877
913.8074
841.966
904.4363
892.0296
856.9312
895.05
948.9003
834.1283
873.2867
862.8857
912.4934
912.0074
879.9615
916.4765
919.8784
888.2758
879.5131
899.2424
842.7161
927.0046
880.346
858.3453
970.2855
843.5142
893.7836
877.0562
900.2995
886.1487
860.2693
873.2867
906.1583
846.8556
881.5429
828.7146
868.7807
885.6347
831.6896
922.7071
818.0694
922.0777
868.5083
883.4966
939.7307
871.8271
940.0115
917.447
943.662
933.7313
896.1347
951.8309
879.3751
899.6835
871.3334
914.6768
929.4262
910.28
893.7836
835.7953
913.4023
907.3866
877.2909
853.0026
911.895
922.0777
891.1937
916.7936
847.1744
860.2693
827.1804
891.9989
884.1289
879.3348
870.8306
902.7437
903.8122
918.9033
875.2281
908.9659
913.8074
870.2345
896.2642
879.4403
859.4073
872.2519
908.9659
899.8024
917.6247
876.8399
841.966
889.7426
872.0397
932.8332
899.844
896.5381
891.9989
880.6042
931.4033
941.2725
967.6875
870.1727
906.0423
886.1487
915.0123
900.9138
914.5753
909.1176
933.8746
907.3676
933.218
918.9033
941.7495
902.7437
885.6347
881.9119
894.9489
930.8045
906.5282
828.3376
882.1561
878.3281
967.6875
941.408
850.382
898.3441
850.4476
892.9012
906.0423
896.2609
893.217
888.2758
907.7854
912.4934
914.6768
850.382
932.9753
922.0809
944.7098
832.356
879.3348
868.7709
887.0749
914.6768
918.9033
899.6835
908.7845
851.4405
918.9033
857.4518
934.4208
895.931
889.7426
916.4765
844.537
927.8175
915.0123
888.787
896.2642
914.3326
886.9819
832.356
868.7709
873.6185
898.6345
896.2609
869.2701
916.4765
885.9912
878.3281
844.537
937.8857
944.2195
880.346
916.6216
840.0543
942.3333
941.2725
890.4351
818.0694
932.7604
875.0562
855.4843
898.6345
872.2764
907.7854
837.9653
896.1347
936.7456
913.4023
907.573
967.0551
926.5955
911.895
897.8318
870.0193
900.4903
917.6247
858.5782
909.1176
907.7854
949.8995
896.1683
934.4208
939.69
835.4506
864.1073
881.2675
861.3639
886.8919
886.9819
907.3866
931.1298
924.5032
908.7845
906.3066
879.2465
809.4194
860.2693
885.9912
857.796
875.2281
909.1176
888.8104
949.8995
875.2802
882.5818
894.814
835.8353
917.2278
888.2758
886.0154
907.3676
870.4719
884.1289
953.7627
922.0777
909.1176
918.2342
878.2776
844.7585
853.0026
912.3557
832.8004
936.4703
888.787
868.7709
959.8081
908.8155
882.5818
843.5066
870.2345
929.1014
885.9912
912.0074
902.0464
828.6358
913.8074
896.2642
898.6345
918.518
924.1176
950.6097
861.3639
884.1289
860.9681
880.6042
900.9251
878.3281
915.4297
903.8122
878.4011
917.2278
866.2764
892.2324
927.0023
923.6429
896.2609
937.8857
871.3334
884.8574
894.814
922.0777
943.1236
893.2448
870.0857
872.0397
916.4134
908.6241
971.4323
894.814
920.7912
884.2087
895.05
859.4073
868.6404
952.796
900.0577
944.2195
935.6483
891.588
890.6411
912.0074
950.6307
916.603
931.4033
903.9929
886.1487
847.1799
841.1986
934.4208
917.447
901.1991
870.8306
870.2345
909.1176
900.4903
914.2158
894.9489
921.3639
850.4476
921.3639
950.92
902.7437
831.9649
932.9753
878.6736
908.9659
873.2867
850.6427
962.946
922.0777
883.8396
935.6966
897.19
888.787
936.2947
850.0553
926.0697
873.6185
885.9912
924.9046
896.2609
917.8385
853.3633
948.8475
883.4793
941.0767
918.2342
898.3441
876.9782
878.3281
863.3818
834.0747
884.1289
922.0777
961.7304
916.4887
913.4023
873.6185
919.8784
904.9075
949.8995
917.8779
879.4403
895.8181
939.3914
848.3338
902.1805
883.8705
878.5242
897.19
886.9865
898.3441
913.4023
861.0417
897.8318
961.5902
918.518
891.9989
876.5332
899.8024
963.3061
841.9787
873.6185
907.2003
841.8103
950.6097
850.6836
963.3061
875.3888
919.0148
885.5207
921.3639
883.4793
922.0809
866.282
851.4537
926.8147
947.7667
863.4158
875.2281
861.3639
883.8124
833.5019
885.4991
843.6154
929.1014
891.588
915.0769
896.1683
920.3201
879.4403
896.2609
891.588
847.4384
896.1347
931.9995
897.8318
909.8226
889.7426
840.0543
848.5181
878.5242
918.518
893.217
885.2994
893.217
853.3526
886.8919
891.1937
861.3639
879.4403
912.3557
884.8574
853.3633
912.4593
905.6279
837.665
907.7854
908.3195
880.8442
877.0094
919.1663
834.2276
926.5695
950.7591
926.0697
900.0577
859.1536
908.6241
900.9138
913.4023
878.5242
891.9989
875.2008
819.4816
877.0562
900.4903
912.4934
894.5751
929.573
824.8888
960.3334
880.8442
952.4892
937.1607
903.8122
878.6736
902.1805
858.1172
873.6185
879.4403
873.6185
871.5993
864.8404
844.537
867.0298
879.3751
908.7845
901.4373
933.8746
859.1536
929.3305
912.4934
961.9732
867.3787
918.4326
875.5247
889.2435
891.9989
903.2494
897.19
893.7836
906.8877
877.2909
834.1283
945.2649
940.7704
954.1895
901.4373
924.5032
869.1545
867.3787
886.8919
869.047
952.4892
901.8791
893.217
880.6042
924.3972
914.5753
838.1647
934.8925
906.3066
846.2124
857.4518
913.4023
912.3557
883.8124
870.1727
891.1937
883.8396
871.1319
912.6357
909.8226
897.19
883.4563
896.1347
928.408
842.6017
897.8318
892.9514
946.307
938.8278
888.834
840.0543
827.0546
888.8104
878.4011
918.2342
879.2465
907.3866
875.2281
935.6208
900.1728
900.1728
936.7456
879.5131
831.2362
901.75
912.6357
884.2087
880.6042
886.0154
873.2867
879.2465
883.4793
894.0029
897.8318
919.8784
907.7854
873.2867
888.8016
841.966
871.3334
936.2947
887.979
900.9138
964.8736

Errors:
         mae          mse         rmse         mape 
5.487703e+02 8.928228e+05 9.448930e+02 1.108732e+00 